Number of nodes 969
     0 :  2.0000000e+00  0.0000000e+00
     1 :  4.0000000e-01  0.0000000e+00
     2 :  1.9991217e+00  5.9266656e-02
     3 :  1.9964875e+00  1.1848126e-01
     4 :  1.9920997e+00  1.7759179e-01
     5 :  1.9859622e+00  2.3654634e-01
     6 :  1.9780804e+00  2.9529313e-01
     7 :  1.9684612e+00  3.5378055e-01
     8 :  1.9571130e+00  4.1195724e-01
     9 :  1.9440458e+00  4.6977209e-01
    10 :  1.9292712e+00  5.2717433e-01
    11 :  1.9128020e+00  5.8411354e-01
    12 :  1.8946527e+00  6.4053971e-01
    13 :  1.8748393e+00  6.9640327e-01
    14 :  1.8533792e+00  7.5165516e-01
    15 :  1.8302912e+00  8.0624686e-01
    16 :  1.8055957e+00  8.6013040e-01
    17 :  1.7793142e+00  9.1325847e-01
    18 :  1.7514699e+00  9.6558441e-01
    19 :  1.7220872e+00  1.0170622e+00
    20 :  1.6911920e+00  1.0676468e+00
    21 :  1.6588114e+00  1.1172935e+00
    22 :  1.6249738e+00  1.1659590e+00
    23 :  1.5897089e+00  1.2136003e+00
    24 :  1.5530477e+00  1.2601757e+00
    25 :  1.5150225e+00  1.3056442e+00
    26 :  1.4756666e+00  1.3499660e+00
    27 :  1.4350145e+00  1.3931021e+00
    28 :  1.3931021e+00  1.4350145e+00
    29 :  1.3499660e+00  1.4756666e+00
    30 :  1.3056442e+00  1.5150225e+00
    31 :  1.2601757e+00  1.5530477e+00
    32 :  1.2136003e+00  1.5897089e+00
    33 :  1.1659590e+00  1.6249738e+00
    34 :  1.1172935e+00  1.6588114e+00
    35 :  1.0676468e+00  1.6911920e+00
    36 :  1.0170622e+00  1.7220872e+00
    37 :  9.6558441e-01  1.7514699e+00
    38 :  9.1325847e-01  1.7793142e+00
    39 :  8.6013040e-01  1.8055957e+00
    40 :  8.0624686e-01  1.8302912e+00
    41 :  7.5165516e-01  1.8533792e+00
    42 :  6.9640327e-01  1.8748393e+00
    43 :  6.4053971e-01  1.8946527e+00
    44 :  5.8411354e-01  1.9128020e+00
    45 :  5.2717433e-01  1.9292712e+00
    46 :  4.6977209e-01  1.9440458e+00
    47 :  4.1195724e-01  1.9571130e+00
    48 :  3.5378055e-01  1.9684612e+00
    49 :  2.9529313e-01  1.9780804e+00
    50 :  2.3654634e-01  1.9859622e+00
    51 :  1.7759179e-01  1.9920997e+00
    52 :  1.1848126e-01  1.9964875e+00
    53 :  5.9266656e-02  1.9991217e+00
    54 :  2.3429107e-15  2.0000000e+00
    55 : -5.9266656e-02  1.9991217e+00
    56 : -1.1848126e-01  1.9964875e+00
    57 : -1.7759179e-01  1.9920997e+00
    58 : -2.3654634e-01  1.9859622e+00
    59 : -2.9529313e-01  1.9780804e+00
    60 : -3.5378055e-01  1.9684612e+00
    61 : -4.1195724e-01  1.9571130e+00
    62 : -4.6977209e-01  1.9440458e+00
    63 : -5.2717433e-01  1.9292712e+00
    64 : -5.8411354e-01  1.9128020e+00
    65 : -6.4053971e-01  1.8946527e+00
    66 : -6.9640327e-01  1.8748393e+00
    67 : -7.5165516e-01  1.8533792e+00
    68 : -8.0624686e-01  1.8302912e+00
    69 : -8.6013040e-01  1.8055957e+00
    70 : -9.1325847e-01  1.7793142e+00
    71 : -9.6558441e-01  1.7514699e+00
    72 : -1.0170622e+00  1.7220872e+00
    73 : -1.0676468e+00  1.6911920e+00
    74 : -1.1172935e+00  1.6588114e+00
    75 : -1.1659590e+00  1.6249738e+00
    76 : -1.2136003e+00  1.5897089e+00
    77 : -1.2601757e+00  1.5530477e+00
    78 : -1.3056442e+00  1.5150225e+00
    79 : -1.3499660e+00  1.4756666e+00
    80 : -1.3931021e+00  1.4350145e+00
    81 : -1.4350145e+00  1.3931021e+00
    82 : -1.4756666e+00  1.3499660e+00
    83 : -1.5150225e+00  1.3056442e+00
    84 : -1.5530477e+00  1.2601757e+00
    85 : -1.5897089e+00  1.2136003e+00
    86 : -1.6249738e+00  1.1659590e+00
    87 : -1.6588114e+00  1.1172935e+00
    88 : -1.6911920e+00  1.0676468e+00
    89 : -1.7220872e+00  1.0170622e+00
    90 : -1.7514699e+00  9.6558441e-01
    91 : -1.7793142e+00  9.1325847e-01
    92 : -1.8055957e+00  8.6013040e-01
    93 : -1.8302912e+00  8.0624686e-01
    94 : -1.8533792e+00  7.5165516e-01
    95 : -1.8748393e+00  6.9640327e-01
    96 : -1.8946527e+00  6.4053971e-01
    97 : -1.9128020e+00  5.8411354e-01
    98 : -1.9292712e+00  5.2717433e-01
    99 : -1.9440458e+00  4.6977209e-01
   100 : -1.9571130e+00  4.1195724e-01
   101 : -1.9684612e+00  3.5378055e-01
   102 : -1.9780804e+00  2.9529313e-01
   103 : -1.9859622e+00  2.3654634e-01
   104 : -1.9920997e+00  1.7759179e-01
   105 : -1.9964875e+00  1.1848126e-01
   106 : -1.9991217e+00  5.9266656e-02
   107 : -2.0000000e+00  1.1331078e-15
   108 : -1.9991217e+00 -5.9266656e-02
   109 : -1.9964875e+00 -1.1848126e-01
   110 : -1.9920997e+00 -1.7759179e-01
   111 : -1.9859622e+00 -2.3654634e-01
   112 : -1.9780804e+00 -2.9529313e-01
   113 : -1.9684612e+00 -3.5378055e-01
   114 : -1.9571130e+00 -4.1195724e-01
   115 : -1.9440458e+00 -4.6977209e-01
   116 : -1.9292712e+00 -5.2717433e-01
   117 : -1.9128020e+00 -5.8411354e-01
   118 : -1.8946527e+00 -6.4053971e-01
   119 : -1.8748393e+00 -6.9640327e-01
   120 : -1.8533792e+00 -7.5165516e-01
   121 : -1.8302912e+00 -8.0624686e-01
   122 : -1.8055957e+00 -8.6013040e-01
   123 : -1.7793142e+00 -9.1325847e-01
   124 : -1.7514699e+00 -9.6558441e-01
   125 : -1.7220872e+00 -1.0170622e+00
   126 : -1.6911920e+00 -1.0676468e+00
   127 : -1.6588114e+00 -1.1172935e+00
   128 : -1.6249738e+00 -1.1659590e+00
   129 : -1.5897089e+00 -1.2136003e+00
   130 : -1.5530477e+00 -1.2601757e+00
   131 : -1.5150225e+00 -1.3056442e+00
   132 : -1.4756666e+00 -1.3499660e+00
   133 : -1.4350145e+00 -1.3931021e+00
   134 : -1.3931021e+00 -1.4350145e+00
   135 : -1.3499660e+00 -1.4756666e+00
   136 : -1.3056442e+00 -1.5150225e+00
   137 : -1.2601757e+00 -1.5530477e+00
   138 : -1.2136003e+00 -1.5897089e+00
   139 : -1.1659590e+00 -1.6249738e+00
   140 : -1.1172935e+00 -1.6588114e+00
   141 : -1.0676468e+00 -1.6911920e+00
   142 : -1.0170622e+00 -1.7220872e+00
   143 : -9.6558441e-01 -1.7514699e+00
   144 : -9.1325847e-01 -1.7793142e+00
   145 : -8.6013040e-01 -1.8055957e+00
   146 : -8.0624686e-01 -1.8302912e+00
   147 : -7.5165516e-01 -1.8533792e+00
   148 : -6.9640327e-01 -1.8748393e+00
   149 : -6.4053971e-01 -1.8946527e+00
   150 : -5.8411354e-01 -1.9128020e+00
   151 : -5.2717433e-01 -1.9292712e+00
   152 : -4.6977209e-01 -1.9440458e+00
   153 : -4.1195724e-01 -1.9571130e+00
   154 : -3.5378055e-01 -1.9684612e+00
   155 : -2.9529313e-01 -1.9780804e+00
   156 : -2.3654634e-01 -1.9859622e+00
   157 : -1.7759179e-01 -1.9920997e+00
   158 : -1.1848126e-01 -1.9964875e+00
   159 : -5.9266656e-02 -1.9991217e+00
   160 : -2.1437509e-15 -2.0000000e+00
   161 :  5.9266656e-02 -1.9991217e+00
   162 :  1.1848126e-01 -1.9964875e+00
   163 :  1.7759179e-01 -1.9920997e+00
   164 :  2.3654634e-01 -1.9859622e+00
   165 :  2.9529313e-01 -1.9780804e+00
   166 :  3.5378055e-01 -1.9684612e+00
   167 :  4.1195724e-01 -1.9571130e+00
   168 :  4.6977209e-01 -1.9440458e+00
   169 :  5.2717433e-01 -1.9292712e+00
   170 :  5.8411354e-01 -1.9128020e+00
   171 :  6.4053971e-01 -1.8946527e+00
   172 :  6.9640327e-01 -1.8748393e+00
   173 :  7.5165516e-01 -1.8533792e+00
   174 :  8.0624686e-01 -1.8302912e+00
   175 :  8.6013040e-01 -1.8055957e+00
   176 :  9.1325847e-01 -1.7793142e+00
   177 :  9.6558441e-01 -1.7514699e+00
   178 :  1.0170622e+00 -1.7220872e+00
   179 :  1.0676468e+00 -1.6911920e+00
   180 :  1.1172935e+00 -1.6588114e+00
   181 :  1.1659590e+00 -1.6249738e+00
   182 :  1.2136003e+00 -1.5897089e+00
   183 :  1.2601757e+00 -1.5530477e+00
   184 :  1.3056442e+00 -1.5150225e+00
   185 :  1.3499660e+00 -1.4756666e+00
   186 :  1.3931021e+00 -1.4350145e+00
   187 :  1.4350145e+00 -1.3931021e+00
   188 :  1.4756666e+00 -1.3499660e+00
   189 :  1.5150225e+00 -1.3056442e+00
   190 :  1.5530477e+00 -1.2601757e+00
   191 :  1.5897089e+00 -1.2136003e+00
   192 :  1.6249738e+00 -1.1659590e+00
   193 :  1.6588114e+00 -1.1172935e+00
   194 :  1.6911920e+00 -1.0676468e+00
   195 :  1.7220872e+00 -1.0170622e+00
   196 :  1.7514699e+00 -9.6558441e-01
   197 :  1.7793142e+00 -9.1325847e-01
   198 :  1.8055957e+00 -8.6013040e-01
   199 :  1.8302912e+00 -8.0624686e-01
   200 :  1.8533792e+00 -7.5165516e-01
   201 :  1.8748393e+00 -6.9640327e-01
   202 :  1.8946527e+00 -6.4053971e-01
   203 :  1.9128020e+00 -5.8411354e-01
   204 :  1.9292712e+00 -5.2717433e-01
   205 :  1.9440458e+00 -4.6977209e-01
   206 :  1.9571130e+00 -4.1195724e-01
   207 :  1.9684612e+00 -3.5378055e-01
   208 :  1.9780804e+00 -2.9529313e-01
   209 :  1.9859622e+00 -2.3654634e-01
   210 :  1.9920997e+00 -1.7759179e-01
   211 :  1.9964875e+00 -1.1848126e-01
   212 :  1.9991217e+00 -5.9266656e-02
   213 :  3.9573735e-01  5.8240467e-02
   214 :  3.8304024e-01  1.1523964e-01
   215 :  3.6217929e-01  1.6978268e-01
   216 :  3.3359913e-01  2.2070710e-01
   217 :  2.9790887e-01  2.6692752e-01
   218 :  2.5586921e-01  3.0745886e-01
   219 :  2.0837614e-01  3.4143724e-01
   220 :  1.5644189e-01  3.6813847e-01
   221 :  1.0117335e-01  3.8699348e-01
   222 :  4.3748483e-02  3.9760039e-01
   223 : -1.4608809e-02  3.9973314e-01
   224 : -7.2654740e-02  3.9334627e-01
   225 : -1.2915216e-01  3.7857591e-01
   226 : -1.8289693e-01  3.5573686e-01
   227 : -2.3274357e-01  3.2531590e-01
   228 : -2.7762968e-01  2.8796139e-01
   229 : -3.1659860e-01  2.4446949e-01
   230 : -3.4881976e-01  1.9576714e-01
   231 : -3.7360644e-01  1.4289236e-01
   232 : -3.9043035e-01  8.6972070e-02
   233 : -3.9893291e-01  2.9198126e-02
   234 : -3.9893291e-01 -2.9198126e-02
   235 : -3.9043035e-01 -8.6972070e-02
   236 : -3.7360644e-01 -1.4289236e-01
   237 : -3.4881976e-01 -1.9576714e-01
   238 : -3.1659860e-01 -2.4446949e-01
   239 : -2.7762968e-01 -2.8796139e-01
   240 : -2.3274357e-01 -3.2531590e-01
   241 : -1.8289693e-01 -3.5573686e-01
   242 : -1.2915216e-01 -3.7857591e-01
   243 : -7.2654740e-02 -3.9334627e-01
   244 : -1.4608809e-02 -3.9973314e-01
   245 :  4.3748483e-02 -3.9760039e-01
   246 :  1.0117335e-01 -3.8699348e-01
   247 :  1.5644189e-01 -3.6813847e-01
   248 :  2.0837614e-01 -3.4143724e-01
   249 :  2.5586921e-01 -3.0745886e-01
   250 :  2.9790887e-01 -2.6692752e-01
   251 :  3.3359913e-01 -2.2070710e-01
   252 :  3.6217929e-01 -1.6978268e-01
   253 :  3.8304024e-01 -1.1523964e-01
   254 :  3.9573735e-01 -5.8240467e-02
   255 : -6.2479352e-01 -1.0237630e+00
   256 : -6.1645940e-01  1.0448850e+00
   257 :  1.2110962e+00  7.0884186e-02
   258 :  9.1873331e-01 -7.5762434e-01
   259 :  2.2259939e-01  1.1473330e+00
   260 :  2.0844394e-01 -1.2125560e+00
   261 : -1.1221217e+00 -3.2622527e-01
   262 :  9.1997656e-01  7.7009230e-01
   263 : -1.1022072e+00  4.7407953e-01
   264 :  7.5910880e-01 -1.2428834e+00
   265 : -1.1493509e+00 -9.0469513e-01
   266 : -2.8013331e-01 -1.4361105e+00
   267 : -2.8013331e-01  1.4361105e+00
   268 :  1.4060217e+00 -4.0668014e-01
   269 :  1.3992548e+00  6.0297295e-01
   270 :  7.3788135e-01  1.2927533e+00
   271 : -1.5206465e+00  7.7799549e-02
   272 : -1.1419427e+00  9.5500404e-01
   273 : -6.3513536e-01  5.6908379e-01
   274 : -2.0617159e-01 -8.3589713e-01
   275 : -2.2931780e-01  8.5080775e-01
   276 : -6.5112700e-01 -5.9284993e-01
   277 :  7.9651401e-01  3.0464079e-01
   278 :  8.6157326e-01 -1.8483484e-01
   279 :  4.9616446e-01 -6.9351084e-01
   280 :  3.6950511e-01  7.6796273e-01
   281 : -8.5288593e-01 -1.0892647e-02
   282 : -9.4151810e-01  1.2616969e+00
   283 : -1.5522106e+00 -3.1000126e-01
   284 : -1.4514569e+00 -6.6420422e-01
   285 : -1.5210538e+00  4.2733719e-01
   286 :  4.3508359e-01  1.5313359e+00
   287 :  7.2049864e-02  1.5741119e+00
   288 :  1.2773596e+00  9.3040642e-01
   289 :  1.5516512e+00  2.5953187e-01
   290 :  1.3148232e+00 -8.0336060e-01
   291 :  1.1337699e+00 -1.1408501e+00
   292 :  1.0567518e-01 -1.5831539e+00
   293 :  4.8291235e-01 -1.5193501e+00
   294 : -6.6736897e-01 -1.4452499e+00
   295 : -9.6988384e-01 -1.2378037e+00
   296 :  1.4464020e-01 -7.8340483e-01
   297 : -7.0064145e-01  1.5191258e+00
   298 : -1.4622088e+00  7.7652764e-01
   299 :  1.6575283e+00 -7.3736489e-02
   300 :  1.1003151e+00  1.2370689e+00
   301 :  1.5831954e+00 -6.7808922e-01
   302 :  1.6785709e+00 -4.4226173e-01
   303 : -1.2131891e-01 -1.7179177e+00
   304 : -3.7977242e-01 -1.6949974e+00
   305 : -1.4050533e+00  1.0322862e+00
   306 : -1.2467203e+00  1.2555152e+00
   307 : -5.0082970e-01  1.6601828e+00
   308 : -2.4558946e-01  1.7196801e+00
   309 :  9.5768065e-01  1.4569261e+00
   310 :  7.3121481e-01  1.6107784e+00
   311 :  1.5260480e+00  8.1205886e-01
   312 :  1.6280041e+00  5.8373558e-01
   313 : -1.7086379e+00  2.3422201e-01
   314 : -1.7293853e+00 -1.9671884e-02
   315 : -1.4599659e+00 -9.3037006e-01
   316 : -1.3076070e+00 -1.1423029e+00
   317 :  7.5076791e-01 -1.5584194e+00
   318 :  9.9557736e-01 -1.4318443e+00
   319 : -6.0146795e-01  2.8373415e-01
   320 : -3.4274287e-01  5.4862098e-01
   321 :  1.7548663e-02  6.6333233e-01
   322 : -6.1481640e-01 -2.8821409e-01
   323 : -3.5372830e-01 -5.7960578e-01
   324 :  5.9213481e-01 -3.3232216e-01
   325 :  5.3743816e-01  4.1499625e-01
   326 :  6.4418081e-01  5.4191458e-02
   327 : -1.6870950e+00 -5.4623997e-01
   328 :  2.6964344e-01  1.7457915e+00
   329 : -9.2642930e-01 -1.5097495e+00
   330 :  3.6404501e-01 -1.7259733e+00
   331 :  1.3690362e+00 -1.1113758e+00
   332 : -6.7395568e-02 -6.2807483e-01
   333 :  2.8012960e-01 -5.6049272e-01
   334 : -6.0679346e-01 -1.6950932e+00
   335 : -5.6863173e-01  6.3436806e-02
   336 : -1.5412956e-01  5.9015545e-01
   337 : -4.3702372e-01 -4.0351308e-01
   338 : -4.5437555e-01  4.0691797e-01
   339 :  2.0257807e-01  5.3319237e-01
   340 :  5.9538943e-01 -1.3247296e-01
   341 :  5.6964779e-01  2.1803452e-01
   342 :  1.7778716e+00  1.3127946e-01
   343 :  1.3599875e+00  1.1720645e+00
   344 : -9.5279145e-01  1.5231143e+00
   345 : -1.6829951e+00  6.2516194e-01
   346 :  3.9841468e-01 -4.1582329e-01
   347 :  1.7935138e+00 -2.3485821e-01
   348 : -5.6747696e-01 -7.6698676e-02
   349 :  3.2761236e-01  4.6950026e-01
   350 :  1.7799010e+00  4.1874852e-01
   351 : -1.8057715e+00 -2.5743234e-01
   352 :  1.5554365e+00 -8.9040586e-01
   353 :  8.1859387e-02 -1.7904638e+00
   354 : -1.1688118e-02  1.8251009e+00
   355 : -1.2003514e+00 -1.3749825e+00
   356 :  1.2090259e+00 -1.3376535e+00
   357 :  1.5460304e+00  9.7755837e-01
   358 : -1.7890028e+00  3.7867657e-01
   359 : -1.6044497e+00 -8.8338612e-01
   360 : -1.6935900e+00 -7.1625496e-01
   361 :  6.8742341e-01 -1.6975026e+00
   362 :  5.1092321e-01 -1.7664229e+00
   363 :  1.1273977e+00  1.4322787e+00
   364 :  1.2358874e+00  1.3576224e+00
   365 : -1.5555666e+00  9.5008450e-01
   366 : -1.6312724e+00  8.4232474e-01
   367 : -6.5901700e-01  1.6994371e+00
   368 : -7.8771621e-01  1.6623549e+00
   369 : -1.1981980e+00  1.3914066e+00
   370 :  6.1769594e-01  1.7275619e+00
   371 :  4.5840267e-01  1.7809772e+00
   372 :  1.3381249e+00 -1.2683852e+00
   373 : -1.1017810e+00 -1.4845895e+00
   374 :  1.3236631e-01  1.8423123e+00
   375 :  1.8170658e+00 -9.1273728e-02
   376 : -1.7907401e+00 -4.0473821e-01
   377 : -8.2101589e-01 -1.6215828e+00
   378 :  1.0536934e-01 -5.7046021e-01
   379 :  1.7555437e+00 -6.1580719e-01
   380 : -2.6063064e-01 -1.8556856e+00
   381 :  1.6914642e+00  7.6948689e-01
   382 : -1.8535492e+00  1.3236167e-01
   383 : -1.4932290e+00 -1.1118099e+00
   384 :  9.2718776e-01 -1.6140513e+00
   385 :  9.0515284e-01  1.6173755e+00
   386 : -4.0610578e-01  1.8182888e+00
   387 : -1.4117093e+00  1.2009948e+00
   388 : -2.1761857e-01 -5.0791922e-01
   389 :  2.4066341e-01 -1.8445960e+00
   390 :  1.5310031e+00 -1.0563225e+00
   391 :  1.8482281e+00  2.4796925e-01
   392 :  1.4771040e+00  1.1500007e+00
   393 : -1.7851010e+00  5.6370322e-01
   394 : -1.0766355e+00  1.5320043e+00
   395 : -5.3346894e-01 -1.7927470e+00
   396 :  1.6906878e+00 -7.7843935e-01
   397 : -7.8410435e-02 -1.8610353e+00
   398 :  1.8032404e+00  5.2375512e-01
   399 : -1.8654829e+00 -1.3847490e-01
   400 :  1.8365393e+00 -3.5824250e-01
   401 : -1.3853387e-01  1.8662773e+00
   402 : -1.3233278e+00 -1.3233278e+00
   403 :  1.1456917e+00 -1.4640249e+00
   404 : -4.8663674e-01  2.2812593e-01
   405 :  1.9628906e-02  5.3709540e-01
   406 : -2.7320861e-01  4.4550518e-01
   407 : -4.8663674e-01 -2.2812593e-01
   408 :  4.6868482e-01 -2.6303867e-01
   409 :  4.2539148e-01  3.2847662e-01
   410 :  5.2105425e-01  3.9310172e-02
   411 :  1.6318191e+00  9.3141427e-01
   412 : -1.8540197e+00  3.0492404e-01
   413 : -1.6035941e+00 -9.7941797e-01
   414 :  7.8289530e-01 -1.7082079e+00
   415 :  1.0654849e+00  1.5363471e+00
   416 : -1.5337651e+00  1.0691986e+00
   417 : -5.7191146e-01  1.7784494e+00
   418 : -1.2979250e+00  1.3640241e+00
   419 :  7.4193134e-01  1.7311066e+00
   420 :  8.2630099e-01  1.6956233e+00
   421 : -1.3650209e+00  1.3017502e+00
   422 : -9.3125479e-01 -1.6420214e+00
   423 : -1.0409119e+00 -1.5802370e+00
   424 : -7.3468865e-01 -1.7265440e+00
   425 : -1.8189539e+00 -5.1796707e-01
   426 : -1.7821507e+00 -6.2151915e-01
   427 :  1.8742918e+00  2.4391649e-02
   428 :  1.8837117e+00  1.3905236e-01
   429 :  2.4309840e-01  1.8738592e+00
   430 :  3.5793078e-01  1.8432156e+00
   431 :  1.4347772e+00 -1.2237520e+00
   432 :  1.0947627e+00 -4.3119165e-01
   433 : -1.2638052e-01  1.1502573e+00
   434 : -1.2060106e-01 -1.1360279e+00
   435 :  4.3280179e-01 -1.8351067e+00
   436 :  1.0766057e+00 -1.5412765e+00
   437 : -1.4007408e+00 -1.2530684e+00
   438 : -2.4314531e-01  1.8637722e+00
   439 :  1.8217109e+00 -4.6146871e-01
   440 : -9.6530075e-01 -6.2993091e-01
   441 : -1.8786009e+00 -3.5177009e-02
   442 :  1.7736126e+00  6.2136454e-01
   443 : -3.5574284e-01 -1.8372614e+00
   444 : -1.1614655e+00  1.1441059e-01
   445 :  6.3216011e-01  9.8110151e-01
   446 :  5.1041585e-01 -1.0243021e+00
   447 : -9.6036392e-01  6.7759993e-01
   448 :  1.0462074e+00  5.2391027e-01
   449 : -3.2372844e-01 -3.8888182e-01
   450 : -9.1700926e-01  3.2058322e-01
   451 :  6.9876777e-01  6.6918975e-01
   452 :  1.3714132e+00  1.2924397e+00
   453 : -9.3415692e-01  1.6366242e+00
   454 : -1.7356226e+00  7.3403143e-01
   455 : -5.6338630e-02 -5.1202373e-01
   456 :  2.3579626e-01 -4.5976814e-01
   457 :  7.2994136e-01 -6.1326619e-01
   458 :  1.9651463e-01  9.2726680e-01
   459 : -9.1382568e-01 -2.4309251e-01
   460 :  1.6065648e+00 -9.7694606e-01
   461 :  1.6574157e+00 -8.8564354e-01
   462 :  3.1801305e-02 -1.8803763e+00
   463 :  1.3717310e-01 -1.8777365e+00
   464 :  1.8486110e+00  3.4793039e-01
   465 : -1.8695868e+00 -3.2329365e-01
   466 : -5.0590173e-01  1.2776898e+00
   467 :  1.3804208e+00 -1.2587494e-01
   468 :  1.8876990e+00 -1.7698464e-01
   469 :  3.4881021e-02  1.8973062e+00
   470 : -1.2121446e+00 -1.4603083e+00
   471 : -4.9994916e-01 -1.8945529e-03
   472 :  2.3085935e-01  4.4331749e-01
   473 :  1.3071884e+00 -1.3732515e+00
   474 :  1.5915989e+00 -2.9219709e-01
   475 : -4.3849225e-01  8.4884870e-01
   476 : -5.4276865e-01 -7.8591807e-01
   477 :  9.5500206e-01  2.2150422e-03
   478 :  9.0346941e-01 -1.0185214e+00
   479 : -6.3693472e-01 -1.7838262e+00
   480 : -9.0549030e-01 -1.0176136e+00
   481 : -4.9526882e-01 -1.2758037e+00
   482 :  8.5810424e-01  1.0740682e+00
   483 : -1.3600327e+00 -1.7374931e-01
   484 : -1.1969274e+00  7.3215413e-01
   485 :  4.1556809e-01  1.2839197e+00
   486 : -4.5843840e-01 -1.5280750e+00
   487 :  1.5562897e+00  1.0860088e+00
   488 : -1.8370189e+00  4.7617068e-01
   489 :  1.3457706e+00  3.1147817e-01
   490 : -1.6932938e+00 -8.2925629e-01
   491 :  6.2316479e-01 -1.7794605e+00
   492 : -8.4239126e-01  1.0678402e+00
   493 : -3.8298744e-01  3.4312420e-01
   494 : -1.3003675e-01  4.9749777e-01
   495 :  4.8027235e-01  1.8371572e-01
   496 :  5.0191450e-01 -1.1178027e-01
   497 :  1.2221927e+00  1.4614326e+00
   498 : -7.4208499e-01  1.7546653e+00
   499 : -1.6545807e+00  9.4440620e-01
   500 : -1.1788088e+00  1.4975928e+00
   501 :  5.8357428e-01  1.8143361e+00
   502 : -4.6460564e-01  1.3977901e-01
   503 : -4.0463644e-01 -2.6770494e-01
   504 :  8.8125996e-02  4.7710626e-01
   505 : -4.6622932e-01 -1.4019697e-01
   506 :  3.8537071e-01 -2.9723983e-01
   507 :  3.3768289e-01  3.5039146e-01
   508 :  2.0791753e-01  1.4007202e+00
   509 : -1.3536918e+00 -4.4932632e-01
   510 :  5.0314571e-01 -1.2833408e+00
   511 : -7.5434379e-01 -1.2251474e+00
   512 : -1.3348092e+00  2.8003318e-01
   513 : -3.4153044e-01  1.0563214e+00
   514 :  1.0979007e+00 -1.7416539e-01
   515 : -7.7942329e-01 -7.7974985e-01
   516 :  1.1768397e+00  7.3509916e-01
   517 : -1.2101141e+00 -6.6596356e-01
   518 : -6.2546496e-02  1.3740683e+00
   519 :  1.1111478e+00 -9.0337979e-01
   520 :  3.3250245e-01 -1.3592823e+00
   521 :  1.8220392e+00 -5.8605196e-01
   522 :  1.7841212e+00 -6.9296145e-01
   523 : -1.9818474e-01 -1.9036913e+00
   524 : -9.9631815e-02 -1.3122800e+00
   525 :  1.2621274e+00 -5.6201991e-01
   526 :  1.7640095e+00  7.4603686e-01
   527 :  1.7167157e+00  8.4922765e-01
   528 : -1.9049863e+00  1.9831956e-01
   529 : -1.9133892e+00  8.5118672e-02
   530 :  8.7969544e-02 -4.7625925e-01
   531 : -1.5726939e+00 -1.0935116e+00
   532 : -1.5051515e+00 -1.1847585e+00
   533 :  7.1203402e-01 -8.3547300e-01
   534 :  9.9845882e-01 -1.6347695e+00
   535 :  8.9986049e-01 -1.6910478e+00
   536 : -3.6320947e-01 -1.0247566e+00
   537 :  4.7734959e-01  5.8641887e-01
   538 : -7.1914391e-01 -1.6891535e-01
   539 :  2.7884519e-01 -3.8902993e-01
   540 : -1.2035507e-01 -4.6036457e-01
   541 :  9.9978628e-01  1.6430896e+00
   542 : -3.6701608e-01  1.8815172e+00
   543 : -1.5093482e+00  1.1921382e+00
   544 : -4.7783377e-01  1.8564705e+00
   545 : -1.4894926e-02 -9.4079470e-01
   546 : -2.4748992e-01 -4.0552760e-01
   547 :  3.6540602e-01 -8.8773524e-01
   548 :  1.4787823e+00  7.4575035e-02
   549 : -7.0292276e-01  1.2958325e+00
   550 :  3.1168258e-01 -1.8951134e+00
   551 :  1.5436779e+00 -1.1426550e+00
   552 : -8.4979367e-01 -1.7178599e+00
   553 : -1.1007826e+00 -7.2278184e-02
   554 :  4.2909832e-01  1.0126018e+00
   555 : -1.9392226e-01 -6.5863034e-01
   556 :  1.0350319e+00  2.7302553e-01
   557 : -7.1578163e-01  7.9546539e-01
   558 : -3.9105573e-01  2.5872002e-01
   559 : -1.8307649e-01  4.3110875e-01
   560 : -2.9973229e-01  3.5931554e-01
   561 : -5.1283393e-02  4.6608009e-01
   562 :  4.3795335e-01 -1.6750296e-01
   563 :  4.6710861e-01 -3.4297089e-02
   564 :  4.5659386e-01  1.0227560e-01
   565 :  4.0889761e-01  2.2948446e-01
   566 :  9.6179397e-01 -1.2316807e+00
   567 :  1.4758012e+00  1.2342091e+00
   568 : -1.8131999e+00  6.4309589e-01
   569 : -1.0509993e+00  1.6114176e+00
   570 :  5.6013282e-01 -4.7838687e-01
   571 : -1.1323846e+00 -1.1095749e+00
   572 : -1.8732737e+00 -4.2339225e-01
   573 :  1.9187531e+00 -8.5357286e-02
   574 :  1.4218324e-01  1.9154403e+00
   575 : -1.1427440e+00 -1.5437982e+00
   576 :  1.4033204e+00 -1.3172562e+00
   577 : -4.8826289e-01 -1.8710926e+00
   578 : -7.3700723e-01  1.6429080e-01
   579 : -1.3574984e+00  5.4696643e-01
   580 :  1.0931252e+00  9.7223052e-01
   581 :  1.8711602e+00  4.8499851e-01
   582 : -1.9159914e+00 -1.9946524e-01
   583 :  1.1020484e-02 -4.6478381e-01
   584 :  1.5576430e-01 -4.3819321e-01
   585 :  1.9010338e+00 -3.1265628e-01
   586 : -1.7918495e+00 -7.5781100e-01
   587 :  5.2987354e-01 -1.8525168e+00
   588 :  1.3182556e+00  1.3988066e+00
   589 : -8.5225004e-01  1.7228255e+00
   590 : -1.7228255e+00  8.5225004e-01
   591 : -8.5625329e-02  1.9247784e+00
   592 : -1.3214163e+00 -1.4021604e+00
   593 :  4.8209813e-01  1.8730383e+00
   594 : -4.6089274e-01  5.7140281e-02
   595 : -4.6068707e-01 -6.1643618e-02
   596 : -3.4287111e-01 -3.1963530e-01
   597 :  1.5987111e-01  4.3578450e-01
   598 : -4.1971180e-01 -1.9673494e-01
   599 :  2.6549530e-01  3.8146315e-01
   600 :  1.2360833e+00 -1.4780423e+00
   601 :  1.5089403e+00  4.3987888e-01
   602 : -1.5677062e+00 -1.1308454e-01
   603 :  1.9784152e-01 -1.7249624e+00
   604 :  1.4384981e+00 -9.6186931e-01
   605 : -1.3790220e-01  1.5824013e+00
   606 :  6.4868332e-01  1.4187502e+00
   607 : -1.0925822e+00  1.1115290e+00
   608 :  3.2328173e-01 -3.3529589e-01
   609 : -1.7950253e-01 -4.2162483e-01
   610 :  1.7122237e-02  4.5552306e-01
   611 : -2.3595433e-01  3.8621840e-01
   612 : -4.1294486e-01  1.9305689e-01
   613 :  3.9755746e-01 -2.2365425e-01
   614 :  4.5135564e-01  3.3255849e-02
   615 :  3.6069600e-01  2.7919743e-01
   616 :  1.6526252e+00  1.0040266e+00
   617 : -1.8986965e+00  3.6585159e-01
   618 : -1.6774798e+00 -9.6277475e-01
   619 :  7.5761911e-01 -1.7795543e+00
   620 :  1.1483651e+00  1.5524342e+00
   621 : -1.6170602e+00  1.0554197e+00
   622 : -6.4500875e-01  1.8198447e+00
   623 : -1.2895982e+00  1.4430350e+00
   624 :  7.0295389e-01  1.8028562e+00
   625 : -5.1583061e-01  1.4818618e+00
   626 : -3.1358830e-01 -1.9067007e+00
   627 :  1.7066267e-01  7.0389697e-01
   628 : -7.5084893e-01 -4.0033168e-01
   629 : -1.0452301e-02  8.4044034e-01
   630 :  7.5522613e-01 -3.7962210e-01
   631 : -8.4500538e-01  4.9733591e-01
   632 :  8.2829706e-01  5.2406442e-01
   633 :  9.1336985e-01  1.2667271e+00
   634 : -1.3068629e+00  8.7371756e-01
   635 :  1.6202314e+00 -1.0567478e+00
   636 : -2.8664591e-02 -1.9341937e+00
   637 :  1.8415511e+00  5.9232787e-01
   638 : -1.9325559e+00 -8.5971315e-02
   639 :  1.8868985e+00 -4.2647168e-01
   640 : -2.0031012e-01  1.9241069e+00
   641 : -1.4078386e+00 -1.3267676e+00
   642 :  1.1509510e+00 -1.5548855e+00
   643 : -1.3713238e+00  1.3715605e+00
   644 : -1.4468400e+00  1.2909292e+00
   645 :  8.0794006e-01  1.7632708e+00
   646 :  9.0678465e-01  1.7139368e+00
   647 : -1.0147918e+00 -1.6603843e+00
   648 : -1.8500395e+00 -5.9282071e-01
   649 :  1.9244933e+00  2.0035034e-01
   650 :  1.9372265e+00  8.5860956e-02
   651 :  3.1385293e-01  1.9157682e+00
   652 :  2.0035361e-01 -1.9245247e+00
   653 :  8.6234074e-02 -1.9359872e+00
   654 :  1.7343241e+00 -8.5793819e-01
   655 :  1.6804534e+00 -9.5917387e-01
   656 :  1.9094282e+00  3.1403687e-01
   657 : -7.0410612e-01 -1.8103295e+00
   658 : -5.9297396e-01 -1.8435598e+00
   659 :  6.5284818e-01 -1.4240553e+00
   660 : -1.3388052e+00 -8.1994782e-01
   661 :  1.5608798e+00  1.1548040e+00
   662 : -1.8653027e+00  5.3903681e-01
   663 :  3.1516145e-01  6.0969056e-01
   664 : -6.8718547e-01 -1.6866894e-02
   665 : -1.1531013e+00  1.5619391e+00
   666 : -3.4003123e-01  1.5971956e+00
   667 :  8.3122624e-01 -1.3950752e+00
   668 : -1.5346265e+00  2.6657753e-01
   669 :  1.7522923e+00  1.4341133e-02
   670 :  1.3533954e+00  7.9105075e-01
   671 : -2.4931602e-01 -1.6012699e+00
   672 :  1.5386802e+00 -5.0947123e-01
   673 : -1.2900035e+00 -9.9264943e-01
   674 : -7.0150692e-01 -1.5944245e+00
   675 :  1.7719519e+00 -7.5549296e-01
   676 :  1.8543633e+00 -5.2795604e-01
   677 :  1.8311953e+00 -6.4947840e-01
   678 : -1.3681817e-01 -1.9216530e+00
   679 :  1.7001482e+00  9.1145680e-01
   680 :  1.7653574e+00  8.0878915e-01
   681 :  1.8005491e+00  6.9080935e-01
   682 : -1.9283482e+00  2.0610589e-02
   683 : -1.9111234e+00  2.6242316e-01
   684 : -1.9365027e+00  1.4347456e-01
   685 : -1.4743679e+00 -1.2432949e+00
   686 : -1.6190808e+00 -1.0488902e+00
   687 : -1.5620672e+00 -1.1562670e+00
   688 :  8.5004885e-01 -1.7317950e+00
   689 :  1.0598653e+00 -1.6114490e+00
   690 :  9.6341126e-01 -1.6878772e+00
   691 : -9.2181771e-01 -1.7165781e+00
   692 : -8.0430006e-01 -1.7728955e+00
   693 :  1.0579558e+00  1.6131214e+00
   694 : -5.4122263e-01  1.8502619e+00
   695 : -1.5534405e+00  1.1437899e+00
   696 : -3.0543518e-01  1.9048030e+00
   697 : -4.2854966e-01  1.8960924e+00
   698 : -1.0379573e+00  1.4115085e+00
   699 : -1.1022319e+00  1.2788495e+00
   700 : -1.9185370e+00 -3.6577965e-01
   701 : -1.8877524e+00 -4.9602367e-01
   702 :  3.7891923e-01 -1.8949561e+00
   703 :  1.5128133e+00 -1.2024757e+00
   704 :  1.9473706e+00 -2.1282955e-02
   705 :  1.9469916e+00 -1.5207424e-01
   706 :  2.1174413e-01  1.9400098e+00
   707 :  8.6136052e-02  1.9362563e+00
   708 : -1.1987047e+00 -1.5233199e+00
   709 : -1.1064373e+00 -1.6082261e+00
   710 :  1.3721773e+00 -1.3714980e+00
   711 :  1.4649280e+00 -1.2895194e+00
   712 : -1.8056113e+00 -6.9924759e-01
   713 : -1.7613793e+00 -8.0620012e-01
   714 :  4.7790382e-01 -1.8925991e+00
   715 :  5.9043766e-01 -1.8416384e+00
   716 :  1.3840330e+00  1.3725836e+00
   717 :  1.2917328e+00  1.4547206e+00
   718 : -8.1055347e-01  1.7685555e+00
   719 : -1.7174318e+00  9.1390027e-01
   720 : -1.7753561e+00  8.0476452e-01
   721 : -9.2281843e-01  1.7169570e+00
   722 :  5.4055178e-01  1.8688582e+00
   723 :  4.2558427e-01  1.8853918e+00
   724 :  2.9334852e-01 -1.5697218e+00
   725 :  1.4092368e+00  1.0437684e+00
   726 : -1.6843414e+00  4.8783157e-01
   727 :  1.4514127e+00  1.3039392e+00
   728 : -1.8146175e+00  7.1695435e-01
   729 : -1.0073088e+00  1.6709845e+00
   730 : -4.2127630e-01 -1.8855646e+00
   731 : -1.3042439e+00  1.1246792e+00
   732 :  8.3471720e-01  1.5076008e+00
   733 :  1.8858096e+00  4.1779405e-01
   734 : -1.9132737e+00 -2.7141755e-01
   735 :  1.9143680e+00 -2.4304914e-01
   736 : -1.5465775e-02  1.9327807e+00
   737 : -1.2734838e+00 -1.4540790e+00
   738 :  1.2909720e+00 -1.4332188e+00
   739 :  1.2732214e+00 -1.0119035e+00
   740 :  4.0223351e-01 -5.5499662e-01
   741 : -7.3268980e-02 -1.5337506e+00
   742 :  1.6185379e+00  1.0615663e+00
   743 : -1.8867547e+00  4.3168153e-01
   744 : -1.7099439e+00 -9.0362688e-01
   745 :  6.9504615e-01 -1.8047852e+00
   746 :  1.2045915e+00  1.5303479e+00
   747 : -1.6620774e+00  1.0151375e+00
   748 : -7.0512401e-01  1.8154353e+00
   749 : -1.2494413e+00  1.4940151e+00
   750 :  6.5103237e-01  1.8355767e+00
   751 :  1.4311005e+00 -6.2107239e-01
   752 : -1.9269734e+00 -3.1924924e-01
   753 :  1.9138846e+00  3.6909982e-01
   754 : -3.7126905e-01 -1.9110202e+00
   755 : -2.6084863e-01 -1.9260240e+00
   756 : -9.6938615e-01  1.6996246e+00
   757 : -1.8018533e+00  7.6273047e-01
   758 :  1.4235080e+00  1.3424061e+00
   759 :  3.7334470e-01  1.9139610e+00
   760 :  4.3103580e-01 -1.9027603e+00
   761 : -1.8414587e+00 -6.5010609e-01
   762 :  1.4959221e+00 -1.2523673e+00
   763 : -1.0652782e+00 -1.6333104e+00
   764 :  2.5930087e-01  1.9326879e+00
   765 :  1.9516021e+00  2.9647261e-02
   766 : -1.8732172e+00 -5.4181258e-01
   767 :  1.5997794e+00 -1.1123445e+00
   768 :  1.8716050e+00  5.4247388e-01
   769 : -1.9431569e+00 -1.4424064e-01
   770 :  1.9124633e+00 -3.7305255e-01
   771 : -1.4424121e-01  1.9431645e+00
   772 : -1.3778055e+00 -1.3778055e+00
   773 :  1.2051785e+00 -1.5310936e+00
   774 : -1.4908970e+00  1.2500173e+00
   775 : -1.3403830e+00  1.4178601e+00
   776 :  9.6233472e-01  1.6909215e+00
   777 :  7.6214546e-01  1.7961808e+00
   778 :  2.5911317e-01 -1.9312888e+00
   779 :  1.9313186e+00  2.5911716e-01
   780 : -1.5985641e+00  1.1111394e+00
   781 : -2.5614601e-01  1.9313449e+00
   782 : -5.9655922e-01  1.8512021e+00
   783 :  1.1116248e+00  1.5982265e+00
   784 : -7.6019937e-01 -1.7986879e+00
   785 : -9.7010218e-01 -1.6985082e+00
   786 :  8.1239405e-01 -1.7725715e+00
   787 :  1.1141349e+00 -1.5982792e+00
   788 : -1.6640438e+00 -1.0163385e+00
   789 : -1.4547273e+00 -1.2957482e+00
   790 : -1.9240135e+00  3.1643567e-01
   791 : -1.9477253e+00 -3.1960878e-02
   792 :  1.8370410e+00  6.4828895e-01
   793 :  1.6934246e+00  9.6657765e-01
   794 : -1.7206390e+00  1.0047252e-01
   795 :  1.5832514e+00  6.9461425e-01
   796 :  5.8659692e-01  1.5910846e+00
   797 : -8.5467172e-02 -1.9451403e+00
   798 :  1.8872579e+00 -4.8256857e-01
   799 :  1.7709747e+00 -8.1218437e-01
   800 : -5.4519873e-01 -1.8698945e+00
   801 : -1.1129128e+00  1.6005967e+00
   802 :  1.5317752e+00  1.2057150e+00
   803 : -1.8557481e+00  5.9689429e-01
   804 : -3.1593866e-01  1.8071961e+00
   805 :  9.8756967e-01 -1.5464592e+00
   806 : -1.4175566e+00 -1.1624220e+00
   807 : -1.8293303e+00  4.3348827e-02
   808 :  1.6997555e+00  6.7761134e-01
   809 : -4.4491464e-01 -1.7955374e+00
   810 :  1.7548095e+00 -5.2500178e-01
   811 :  1.7210230e+00  2.6995856e-01
   812 : -9.6371351e-01 -8.2675018e-01
   813 :  1.6458371e+00  9.7174104e-02
   814 :  1.2516921e+00 -2.9492713e-01
   815 : -3.0827100e-01  1.2462441e+00
   816 :  1.8872299e-01 -1.0046731e+00
   817 :  7.0930174e-01 -1.0487849e+00
   818 : -4.7294708e-01  5.0824361e-01
   819 : -5.6020347e-01  4.1106718e-01
   820 : -2.6192715e-01  6.8184362e-01
   821 : -1.1759188e-01  6.9658975e-01
   822 : -5.7052141e-01 -4.2299132e-01
   823 : -4.8714141e-01 -5.7210907e-01
   824 :  6.7470446e-01 -2.1818692e-01
   825 :  7.2297893e-01 -8.0106433e-02
   826 :  6.6817683e-01  1.8825848e-01
   827 :  6.2337175e-01  3.1186991e-01
   828 :  1.4220790e+00  9.0740430e-01
   829 : -1.6475044e+00  3.5697912e-01
   830 : -2.9097091e-01 -1.2376103e+00
   831 :  5.0030696e-01  1.6669965e+00
   832 : -1.4831057e+00 -8.1003478e-01
   833 :  6.2909406e-01 -1.5667707e+00
   834 : -3.2865548e-02 -7.6486240e-01
   835 :  2.3465496e-02 -1.6861021e+00
   836 :  1.4871954e+00 -7.8759637e-01
   837 : -4.9583922e-02 -4.5063475e-01
   838 :  2.0729283e-01 -4.0318721e-01
   839 : -5.9407969e-01  1.5901519e+00
   840 :  2.4798175e-01  1.6020240e+00
   841 : -1.5500578e+00 -5.0292768e-01
   842 : -8.4981395e-01 -1.3881659e+00
   843 : -3.5782361e-01 -7.4281950e-01
   844 : -2.8707831e-01 -3.4655762e-01
   845 :  3.0261072e-01 -7.0229501e-01
   846 : -3.0300655e-01 -4.7209557e-01
   847 : -1.3112602e-01 -5.5340254e-01
   848 : -4.8452815e-01  1.7717648e+00
   849 : -1.4586289e+00  1.1154263e+00
   850 :  9.7917785e-01  1.5534673e+00
   851 : -7.2592106e-01  3.7993741e-01
   852 : -8.3612136e-01  1.4233473e+00
   853 :  6.7959495e-01  4.7825773e-01
   854 :  8.4058280e-01 -1.6335376e+00
   855 : -1.6706193e+00 -3.8260676e-01
   856 : -1.5228532e+00 -1.0280559e+00
   857 :  3.1908385e-01 -4.7602214e-01
   858 : -1.8217973e+00  2.1661846e-01
   859 :  1.6330395e+00  8.3734482e-01
   860 :  9.2740976e-01 -5.3745362e-01
   861 : -1.5940956e+00 -6.3533109e-01
   862 :  3.4639589e-02  1.0400905e+00
   863 :  4.4102220e-01 -1.6493481e+00
   864 : -9.4060454e-01 -4.4456723e-01
   865 :  1.1205509e-01  1.7104919e+00
   866 : -1.0179281e+00 -1.3803751e+00
   867 : -7.9107529e-01 -1.5121310e+00
   868 :  1.2646356e+00 -1.1740336e+00
   869 :  1.6641057e+00 -1.0155154e+00
   870 :  2.9485939e-02 -1.9496307e+00
   871 :  5.5882290e-01  8.1774973e-01
   872 : -9.8265376e-01  1.2315332e-01
   873 :  1.7773354e-01 -5.2216723e-01
   874 :  1.9293291e-01 -6.3533106e-01
   875 :  2.0291208e-02 -5.5276684e-01
   876 :  5.1006436e-02 -6.6031427e-01
   877 :  1.0700888e+00 -1.3184430e+00
   878 : -1.4187732e+00  1.3414616e+00
   879 :  8.6288292e-01  1.7515482e+00
   880 :  1.9444034e+00  1.4433317e-01
   881 :  1.4433640e-01 -1.9444469e+00
   882 :  1.7205955e+00 -9.1631970e-01
   883 : -1.2449216e+00 -1.2486512e+00
   884 : -1.2792706e-01  1.7585266e+00
   885 :  1.0163597e+00  1.3515659e+00
   886 : -1.4238806e+00  9.1332734e-01
   887 :  1.7405401e+00 -3.5130981e-01
   888 : -1.3080818e+00  1.9505861e-02
   889 :  6.1689746e-01  1.1731077e+00
   890 : -9.8378766e-01  8.8428321e-01
   891 :  1.2200529e+00  4.7260444e-01
   892 : -1.5897045e+00  7.1939424e-01
   893 : -1.5334716e+00  5.9310806e-01
   894 :  1.2397248e+00  1.2279154e+00
   895 :  1.2336156e+00  1.0905090e+00
   896 :  1.9427276e+00 -1.9955469e-01
   897 : -1.7577482e+00 -1.3281773e-01
   898 :  1.6939932e+00  4.8754538e-01
   899 :  3.2963591e-02  1.9530930e+00
   900 : -1.2500306e+00 -1.5011555e+00
   901 :  1.3426811e+00 -1.4177299e+00
   902 :  5.5699468e-01 -1.6644962e+00
   903 : -1.5871261e+00 -7.5373049e-01
   904 : -5.8422010e-01 -1.8672183e-01
   905 :  4.3318801e-01  4.3419225e-01
   906 :  3.7822487e-01  1.6950568e+00
   907 : -5.0228808e-01 -1.6786812e+00
   908 :  1.6259865e+00  3.8241849e-01
   909 : -1.6669804e+00 -2.3018933e-01
   910 :  5.4513023e-01 -2.0421732e-01
   911 :  5.7543775e-01 -4.4192521e-02
   912 :  5.5665431e-01  1.3096432e-01
   913 :  5.0750319e-01  2.8109625e-01
   914 : -6.9310670e-02  5.7512513e-01
   915 : -2.2418690e-01  5.3245529e-01
   916 : -3.7099897e-01  4.3528791e-01
   917 : -4.7945448e-01  3.2194824e-01
   918 : -6.5296781e-01 -1.8402416e+00
   919 :  7.3564234e-01  8.4561668e-01
   920 : -2.8155252e-02  1.6820374e+00
   921 : -1.1154897e+00 -1.2625434e+00
   922 :  8.8732419e-01 -1.5198843e+00
   923 : -1.0795652e+00  2.7228992e-01
   924 : -5.0272694e-01 -3.2210987e-01
   925 :  9.9708859e-02  5.8292467e-01
   926 : -5.7166986e-01  1.7587334e-01
   927 : -1.6223708e+00  1.1796032e-02
   928 :  1.5201769e+00  5.7709487e-01
   929 :  9.4535757e-01 -3.3380038e-01
   930 : -1.3902418e-01  9.8540738e-01
   931 : -8.1026503e-01 -5.7533281e-01
   932 :  1.6685845e+00 -5.7698559e-01
   933 : -3.7580810e-01  1.7215902e+00
   934 : -4.4486926e-01  3.2654547e-15
   935 :  2.0341306e-01  3.9564099e-01
   936 :  4.9287074e-01 -3.6456789e-01
   937 : -1.4152025e+00 -1.0612684e+00
   938 :  1.1107328e+00 -6.8369877e-01
   939 :  1.1693537e-01 -1.3812513e+00
   940 : -3.3360074e-01  2.9871813e-01
   941 : -1.1324071e-01  4.3332176e-01
   942 :  4.1819667e-01  1.6009962e-01
   943 :  4.3715081e-01 -9.7412086e-02
   944 : -1.7621926e-01 -9.8436908e-01
   945 :  4.7919344e-02 -1.1455736e+00
   946 :  5.5245899e-02  1.2224938e+00
   947 : -1.1131706e+00 -5.1089740e-01
   948 : -1.6576567e-01 -1.8287879e+00
   949 :  1.7090141e+00 -6.8296263e-01
   950 : -1.2718248e+00  9.9884639e-01
   951 :  8.4443369e-01  1.3791901e+00
   952 :  5.4313845e-01 -8.5718971e-01
   953 : -8.3457807e-01  1.5478668e+00
   954 : -4.7783772e-01  6.5868435e-01
   955 :  8.0364742e-01  1.2370415e-01
   956 :  1.6038985e+00  1.1171263e+00
   957 : -1.8924787e+00  4.8876709e-01
   958 : -1.7499054e+00 -8.6249443e-01
   959 :  6.4911832e-01 -1.8390752e+00
   960 : -5.8727917e-01 -1.5883048e+00
   961 :  3.2706749e-01 -1.8160866e+00
   962 :  1.4658451e+00 -1.1199762e+00
   963 : -1.2520631e-02 -1.7871790e+00
   964 :  1.5255058e+00 -9.7141122e-01
   965 :  1.5947862e+00 -8.0403487e-01
   966 :  1.6438436e-01 -1.8094397e+00
   967 :  3.6244022e-01 -1.1349037e+00
   968 : -2.5542442e-01 -1.7559867e+00
Number of triangles 1683
     0 :    795    311    269
     1 :    794    271    313
     2 :    306    421    387
     3 :    310    385    420
     4 :    549    625    297
     5 :    581    350    733
     6 :    582    734    351
     7 :    322    538    628
     8 :     30     31    497
     9 :     67     68    498
    10 :     89     90    499
    11 :    356    372    868
    12 :    585    735    347
    13 :    355    373    866
    14 :     76     77    500
    15 :     43     44    501
    16 :    354    865    374
    17 :    277    556    632
    18 :    300    364    363
    19 :    297    367    368
    20 :    298    365    366
    21 :    591    354    736
    22 :    273    557    631
    23 :    592    737    355
    24 :    350    464    733
    25 :    351    734    465
    26 :    600    738    356
    27 :    299    347    375
    28 :    351    376    855
    29 :    269    311    670
    30 :    271    668    313
    31 :    285    512    579
    32 :    262    516    580
    33 :    347    735    468
    34 :    288    580    516
    35 :    263    579    512
    36 :    263    447    484
    37 :    289    489    548
    38 :    282    492    549
    39 :    354    469    736
    40 :    262    632    448
    41 :    263    631    447
    42 :    355    737    470
    43 :    256    549    492
    44 :    335    348    471
    45 :    339    472    349
    46 :    257    548    489
    47 :    323    846    337
    48 :    337    846    449
    49 :    356    738    473
    50 :    327    426    360
    51 :    299    467    474
    52 :    283    509    483
    53 :    286    508    485
    54 :    524    939    945
    55 :    267    815    518
    56 :    329    373    423
    57 :    262    448    516
    58 :    324    570    630
    59 :    332    555    834
    60 :    294    481    511
    61 :    330    435    362
    62 :    402    883    437
    63 :    401    438    884
    64 :    400    887    439
    65 :    399    897    441
    66 :    398    442    898
    67 :    245    530    246
    68 :    344    698    852
    69 :    279    533    457
    70 :    945    939    260
    71 :    370    501    371
    72 :    274    843    536
    73 :    367    498    368
    74 :    365    499    366
    75 :    363    364    497
    76 :    231    502    232
    77 :    221    504    222
    78 :    235    505    236
    79 :    237    503    238
    80 :    250    506    251
    81 :    217    507    218
    82 :    294    486    481
    83 :    328    429    374
    84 :    268    814    525
    85 :    331    372    431
    86 :    311    411    357
    87 :    313    358    412
    88 :    302    474    672
    89 :    295    511    480
    90 :    327    376    425
    91 :    315    359    413
    92 :    466    625    549
    93 :    317    361    414
    94 :    394    500    698
    95 :    448    632    556
    96 :    447    631    557
    97 :    299    474    347
    98 :    433    518    815
    99 :    263    450    631
   100 :    262    451    632
   101 :    287    518    508
   102 :    200    201    522
   103 :    202    203    521
   104 :    284    517    509
   105 :    156    157    523
   106 :    343    567    452
   107 :    344    453    569
   108 :    345    454    568
   109 :    309    363    415
   110 :    305    416    365
   111 :    307    417    367
   112 :    392    725    487
   113 :    393    488    726
   114 :    432    860    938
   115 :    318    436    403
   116 :    476    536    843
   117 :    299    548    467
   118 :    306    369    418
   119 :    310    419    370
   120 :    453    729    569
   121 :    454    728    568
   122 :    452    567    727
   123 :    306    731    607
   124 :    310    606    732
   125 :    323    823    843
   126 :    468    705    573
   127 :    291    519    478
   128 :     14     15    526
   129 :     16     17    527
   130 :    103    104    528
   131 :    105    106    529
   132 :    277    955    556
   133 :    275    513    475
   134 :    432    525    814
   135 :    278    514    477
   136 :    127    128    531
   137 :    129    130    532
   138 :    273    954    557
   139 :    178    179    534
   140 :    176    177    535
   141 :    257    514    467
   142 :    256    513    466
   143 :    465    700    572
   144 :    335    926    578
   145 :    423    575    709
   146 :    356    473    372
   147 :    355    470    373
   148 :    354    374    469
   149 :    347    468    375
   150 :    351    465    376
   151 :    264    817    510
   152 :    256    466    549
   153 :    257    467    548
   154 :    304    671    486
   155 :    607    731    950
   156 :    606    951    732
   157 :    276    515    476
   158 :    329    422    377
   159 :    144    145    552
   160 :    291    478    566
   161 :    454    590    720
   162 :    453    589    721
   163 :    452    716    588
   164 :    266    481    486
   165 :    268    474    467
   166 :    435    714    587
   167 :     35     36    541
   168 :     60     61    542
   169 :     84     85    543
   170 :     62     63    544
   171 :    355    866    921
   172 :    269    928    795
   173 :    354    920    865
   174 :    271    794    927
   175 :    276    476    823
   176 :    278    477    825
   177 :    293    510    520
   178 :    281    459    538
   179 :    351    855    909
   180 :    279    457    570
   181 :    256    492    557
   182 :    306    418    421
   183 :    310    420    419
   184 :    335    594    502
   185 :    337    596    503
   186 :    339    504    597
   187 :    343    392    567
   188 :    295    480    571
   189 :    344    569    394
   190 :    345    568    393
   191 :    280    458    627
   192 :    257    489    556
   193 :    275    475    820
   194 :    431    576    711
   195 :    321    627    629
   196 :    429    706    574
   197 :    427    573    704
   198 :    425    572    701
   199 :    459    628    538
   200 :    369    698    500
   201 :    258    457    533
   202 :    281    553    459
   203 :    265    812    517
   204 :    574    707    374
   205 :    575    373    708
   206 :    280    554    458
   207 :    432    938    525
   208 :    576    372    710
   209 :    391    464    811
   210 :    258    938    860
   211 :    259    554    485
   212 :    446    510    817
   213 :    261    483    509
   214 :    259    485    508
   215 :    261    553    483
   216 :    270    889    482
   217 :    291    356    868
   218 :    272    484    890
   219 :    476    843    823
   220 :    319    578    926
   221 :    357    487    725
   222 :    358    726    488
   223 :    477    556    955
   224 :    283    483    602
   225 :    114    115    572
   226 :    165    166    550
   227 :    191    192    551
   228 :    475    557    954
   229 :    211    212    573
   230 :     51     52    574
   231 :    138    139    575
   232 :    731    306    387
   233 :    732    385    310
   234 :    187    188    576
   235 :    262    580    482
   236 :    255    511    481
   237 :    255    536    476
   238 :    263    484    579
   239 :    586    360    712
   240 :    360    586    713
   241 :    362    587    715
   242 :    364    588    717
   243 :    368    718    589
   244 :    366    719    590
   245 :    593    723    371
   246 :    371    722    593
   247 :    300    633    482
   248 :    300    482    580
   249 :    298    579    484
   250 :    298    484    634
   251 :    371    430    906
   252 :    256    475    513
   253 :    257    477    514
   254 :    325    853    537
   255 :    477    955    825
   256 :    248    539    249
   257 :    242    540    243
   258 :    120    121    586
   259 :    169    170    587
   260 :    255    515    480
   261 :     28     29    588
   262 :     69     70    589
   263 :     91     92    590
   264 :     45     46    593
   265 :    255    476    515
   266 :    492    890    557
   267 :    267    625    466
   268 :    371    501    722
   269 :    357    616    742
   270 :    358    743    617
   271 :    489    891    556
   272 :    289    601    489
   273 :    359    744    618
   274 :    547    816    967
   275 :    440    517    812
   276 :    368    498    718
   277 :    366    499    719
   278 :    364    717    497
   279 :    361    745    619
   280 :    240    546    241
   281 :    266    524    830
   282 :    422    691    552
   283 :    424    552    692
   284 :    286    485    606
   285 :    255    480    511
   286 :    475    954    820
   287 :    445    482    889
   288 :    258    533    478
   289 :    362    715    491
   290 :    360    713    490
   291 :    318    403    877
   292 :    447    890    484
   293 :    346    608    539
   294 :    264    566    478
   295 :    339    627    925
   296 :    356    877    403
   297 :    389    961    603
   298 :     24     25    567
   299 :     95     96    568
   300 :     73     74    569
   301 :    342    427    428
   302 :    311    859    411
   303 :    313    412    858
   304 :    457    630    570
   305 :    852    698    282
   306 :    262    919    451
   307 :    263    923    450
   308 :    390    604    962
   309 :    342    811    813
   310 :    255    481    536
   311 :    363    746    620
   312 :    367    622    748
   313 :    365    621    747
   314 :    335    471    594
   315 :    339    597    472
   316 :    347    474    887
   317 :    274    834    555
   318 :    265    571    480
   319 :    350    581    398
   320 :    351    399    582
   321 :    282    607    492
   322 :     31    746    497
   323 :     67    498    748
   324 :     89    499    747
   325 :    258    478    519
   326 :    315    413    856
   327 :    333    845    740
   328 :    323    337    823
   329 :    261    459    553
   330 :    328    430    429
   331 :    259    458    554
   332 :    327    425    426
   333 :    317    414    854
   334 :    366    454    892
   335 :    364    894    452
   336 :    347    400    585
   337 :    485    554    889
   338 :    151    152    577
   339 :     30    497    717
   340 :     90    719    499
   341 :     68    718    498
   342 :    380    968    443
   343 :    369    749    623
   344 :    370    624    750
   345 :    354    591    401
   346 :    483    553    888
   347 :    355    402    592
   348 :    335    578    664
   349 :     77    749    500
   350 :     43    501    750
   351 :    291    877    356
   352 :    271    602    483
   353 :    356    403    600
   354 :    268    672    474
   355 :    329    423    422
   356 :    445    919    482
   357 :    372    473    710
   358 :    434    524    945
   359 :    373    470    708
   360 :    374    707    469
   361 :     44    722    501
   362 :    434    830    524
   363 :      9     10    581
   364 :    110    111    582
   365 :    287    508    840
   366 :    284    509    841
   367 :    321    925    627
   368 :    207    208    585
   369 :     55     56    591
   370 :    134    135    592
   371 :    183    184    600
   372 :    884    438    308
   373 :    286    906    840
   374 :    883    316    437
   375 :    887    302    439
   376 :    897    314    441
   377 :    308    666    605
   378 :    898    442    312
   379 :    271    888    512
   380 :    269    516    891
   381 :    362    491    902
   382 :    360    490    903
   383 :    360    426    712
   384 :    509    517    947
   385 :    295    842    511
   386 :    371    723    430
   387 :    287    605    518
   388 :    286    840    508
   389 :    283    841    509
   390 :    269    489    601
   391 :    508    518    946
   392 :    339    349    663
   393 :    335    664    348
   394 :    297    368    953
   395 :    300    894    364
   396 :    298    366    892
   397 :    262    482    919
   398 :     76    500    665
   399 :    339    663    627
   400 :    293    659    510
   401 :    349    905    537
   402 :    348    538    904
   403 :    296    545    816
   404 :    337    449    596
   405 :    451    537    853
   406 :    334    424    479
   407 :    294    511    842
   408 :    446    547    967
   409 :    350    811    464
   410 :    257    556    477
   411 :    256    557    475
   412 :    357    742    487
   413 :    358    488    743
   414 :    296    816    547
   415 :    316    571    673
   416 :    318    566    667
   417 :    889    270    606
   418 :    890    607    272
   419 :    359    490    744
   420 :    328    906    430
   421 :    361    491    745
   422 :    302    887    474
   423 :    346    506    608
   424 :    229    558    230
   425 :    227    560    228
   426 :    225    559    226
   427 :    223    561    224
   428 :    252    562    253
   429 :      1    254    563
   430 :    215    565    216
   431 :    213    564    214
   432 :    270    482    633
   433 :    272    634    484
   434 :    266    486    671
   435 :    316    883    571
   436 :    285    668    512
   437 :    267    466    815
   438 :    268    467    814
   439 :     19     20    616
   440 :    100    101    617
   441 :    124    125    618
   442 :    173    174    619
   443 :    467    514    814
   444 :    288    516    670
   445 :    327    360    861
   446 :    284    660    517
   447 :    330    362    863
   448 :     32     33    620
   449 :     87     88    621
   450 :     65     66    622
   451 :    466    513    815
   452 :     78     79    623
   453 :     41     42    624
   454 :    304    809    443
   455 :    293    520    724
   456 :    309    415    850
   457 :    307    848    417
   458 :    305    849    416
   459 :    510    967    520
   460 :    344    394    698
   461 :    363    497    746
   462 :    367    748    498
   463 :    365    747    499
   464 :    283    855    841
   465 :    291    739    519
   466 :    308    605    884
   467 :    368    453    953
   468 :    352    836    604
   469 :    353    603    835
   470 :    458    629    627
   471 :    298    886    365
   472 :    300    363    885
   473 :    272    607    950
   474 :    270    951    606
   475 :    394    665    500
   476 :    297    839    367
   477 :    328    374    865
   478 :    329    866    373
   479 :    331    868    372
   480 :    263    512    923
   481 :    304    443    968
   482 :    375    468    573
   483 :    361    902    491
   484 :    294    842    867
   485 :    380    948    968
   486 :    444    512    888
   487 :    327    855    376
   488 :    448    891    516
   489 :    359    903    490
   490 :    279    740    845
   491 :    376    465    572
   492 :    345    393    726
   493 :    343    725    392
   494 :    485    889    606
   495 :    492    607    890
   496 :    345    892    454
   497 :    343    452    894
   498 :    373    575    423
   499 :    290    525    938
   500 :    261    509    947
   501 :    346    570    936
   502 :    369    500    749
   503 :    370    750    501
   504 :    304    486    907
   505 :    296    834    545
   506 :    370    371    831
   507 :    259    508    946
   508 :    154    155    626
   509 :    290    938    519
   510 :    307    625    666
   511 :    280    537    871
   512 :    295    921    866
   513 :    264    478    817
   514 :    393    662    488
   515 :    392    487    661
   516 :    264    510    659
   517 :    260    520    967
   518 :    320    818    916
   519 :    320    915    820
   520 :    326    826    912
   521 :    324    824    910
   522 :    287    865    920
   523 :    244    583    245
   524 :    246    584    247
   525 :    338    916    818
   526 :    336    820    915
   527 :    341    912    826
   528 :    340    910    824
   529 :    312    601    898
   530 :    314    897    602
   531 :    290    751    525
   532 :    323    555    388
   533 :    232    594    233
   534 :    234    595    235
   535 :    238    596    239
   536 :    236    598    237
   537 :    220    597    221
   538 :    218    599    219
   539 :    319    851    578
   540 :    444    923    512
   541 :    267    518    605
   542 :    451    871    537
   543 :    357    411    616
   544 :    358    617    412
   545 :    359    618    413
   546 :    361    619    414
   547 :    258    860    457
   548 :    259    862    458
   549 :    261    864    459
   550 :    296    547    845
   551 :    265    480    812
   552 :    271    512    668
   553 :    310    370    796
   554 :    292    939    741
   555 :    245    583    530
   556 :    246    530    584
   557 :    349    537    663
   558 :    348    664    538
   559 :    269    670    516
   560 :    280    627    663
   561 :    366    590    454
   562 :    368    589    453
   563 :    364    452    588
   564 :    265    517    660
   565 :    313    829    358
   566 :    311    357    828
   567 :    362    435    587
   568 :    321    821    914
   569 :    319    917    819
   570 :    326    911    825
   571 :    325    913    827
   572 :    342    428    391
   573 :    271    483    888
   574 :    306    699    369
   575 :    283    909    855
   576 :    363    620    415
   577 :    365    416    621
   578 :    367    417    622
   579 :    603    961    330
   580 :    315    832    359
   581 :    317    833    361
   582 :    372    576    431
   583 :    374    429    574
   584 :    375    573    427
   585 :    376    572    425
   586 :    289    813    811
   587 :    231    612    502
   588 :    222    504    610
   589 :    251    506    613
   590 :    217    615    507
   591 :    604    331    962
   592 :    250    608    506
   593 :    281    872    553
   594 :    290    519    739
   595 :    266    830    481
   596 :    238    503    596
   597 :    232    502    594
   598 :    221    597    504
   599 :    235    595    505
   600 :    236    505    598
   601 :    237    598    503
   602 :    218    507    599
   603 :    193    194    635
   604 :    159    160    636
   605 :    369    623    418
   606 :    370    419    624
   607 :    280    871    554
   608 :    319    404    917
   609 :    320    916    406
   610 :    320    406    915
   611 :    321    914    405
   612 :    324    910    408
   613 :    326    912    410
   614 :    325    409    913
   615 :    326    410    911
   616 :     11     12    637
   617 :    108    109    638
   618 :    205    206    639
   619 :     57     58    640
   620 :    132    133    641
   621 :    181    182    642
   622 :    275    930    513
   623 :    334    479    395
   624 :    278    929    514
   625 :    337    503    924
   626 :    335    502    926
   627 :    339    925    504
   628 :    307    367    839
   629 :    305    365    886
   630 :    309    885    363
   631 :    377    422    552
   632 :    377    552    424
   633 :    266    741    524
   634 :    340    825    911
   635 :    341    827    913
   636 :    336    914    821
   637 :    338    819    917
   638 :    268    525    751
   639 :     80     81    643
   640 :     82     83    644
   641 :     39     40    645
   642 :     37     38    646
   643 :    141    142    647
   644 :    117    118    648
   645 :      4      5    649
   646 :      2      3    650
   647 :     48     49    651
   648 :    163    164    652
   649 :    161    162    653
   650 :    197    198    654
   651 :    195    196    655
   652 :    434    944    536
   653 :    381    859    795
   654 :    382    794    858
   655 :    462    653    463
   656 :    156    523    755
   657 :      6      7    656
   658 :    460    655    461
   659 :    329    377    867
   660 :    299    375    669
   661 :    293    724    863
   662 :    291    868    739
   663 :    249    608    250
   664 :    448    556    891
   665 :    447    557    890
   666 :    281    664    578
   667 :    276    931    515
   668 :    444    888    553
   669 :    445    889    554
   670 :    274    545    834
   671 :    241    609    242
   672 :    385    732    850
   673 :    387    849    731
   674 :    318    877    566
   675 :    269    891    489
   676 :    434    536    830
   677 :    201    677    522
   678 :    200    522    675
   679 :    203    676    521
   680 :    202    521    677
   681 :    157    678    523
   682 :    345    726    893
   683 :    343    895    725
   684 :    279    952    533
   685 :    424    657    479
   686 :    279    845    547
   687 :    147    148    657
   688 :    149    150    658
   689 :    342    391    811
   690 :    317    667    659
   691 :    323    388    846
   692 :    385    646    420
   693 :    387    421    644
   694 :    315    673    660
   695 :    222    610    223
   696 :    226    611    227
   697 :    230    612    231
   698 :    251    613    252
   699 :      1    614    213
   700 :    216    615    217
   701 :    344    953    453
   702 :    395    479    658
   703 :     15    680    526
   704 :     17    679    527
   705 :     14    526    681
   706 :     16    527    680
   707 :    104    684    528
   708 :    103    528    683
   709 :    106    682    529
   710 :    105    529    684
   711 :    274    536    944
   712 :    325    537    905
   713 :    322    904    538
   714 :    342    669    427
   715 :    388    555    847
   716 :    429    430    651
   717 :    128    687    531
   718 :    127    531    686
   719 :    130    685    532
   720 :    129    532    687
   721 :    427    650    428
   722 :    425    648    426
   723 :    326    825    955
   724 :    178    534    690
   725 :    179    689    534
   726 :    176    535    688
   727 :    177    690    535
   728 :    260    939    520
   729 :    281    578    872
   730 :    267    666    625
   731 :    328    840    906
   732 :    320    820    954
   733 :    298    892    893
   734 :    300    895    894
   735 :     36    776    541
   736 :     84    543    774
   737 :    297    852    549
   738 :    422    423    647
   739 :    380    626    755
   740 :    380    443    626
   741 :    308    438    804
   742 :    389    463    652
   743 :    396    461    654
   744 :    419    420    645
   745 :    418    643    421
   746 :    433    815    513
   747 :    432    814    514
   748 :    521    676    810
   749 :    144    552    691
   750 :    145    692    552
   751 :    346    740    570
   752 :    299    813    548
   753 :    318    805    436
   754 :    316    806    437
   755 :    571    883    921
   756 :    349    599    507
   757 :    348    505    595
   758 :    314    807    441
   759 :    312    442    808
   760 :    302    810    439
   761 :    282    549    852
   762 :     35    541    693
   763 :     61    697    542
   764 :     60    542    696
   765 :     63    694    544
   766 :     85    695    543
   767 :     62    544    697
   768 :    301    965    396
   769 :    526    808    681
   770 :    529    682    807
   771 :    532    685    806
   772 :    534    689    805
   773 :    397    636    462
   774 :    390    635    460
   775 :    391    656    464
   776 :     22     23    661
   777 :     97     98    662
   778 :    346    936    506
   779 :    391    428    649
   780 :    346    539    857
   781 :    542    804    696
   782 :    298    893    579
   783 :    300    580    895
   784 :    450    578    851
   785 :    303    397    963
   786 :    352    460    461
   787 :    353    462    463
   788 :     75     76    665
   789 :    440    515    931
   790 :    403    436    642
   791 :    324    936    570
   792 :    402    437    641
   793 :    401    640    438
   794 :    267    605    666
   795 :    400    439    639
   796 :    524    741    939
   797 :    289    548    813
   798 :    379    932    949
   799 :    399    441    638
   800 :    398    637    442
   801 :    444    553    872
   802 :    433    513    930
   803 :    445    554    871
   804 :    432    514    929
   805 :    348    904    505
   806 :    349    507    905
   807 :    249    539    608
   808 :    242    609    540
   809 :    330    961    435
   810 :    481    830    536
   811 :    294    960    486
   812 :    605    920    884
   813 :    248    838    539
   814 :    243    540    837
   815 :    440    812    515
   816 :    478    533    817
   817 :    291    566    877
   818 :    241    546    609
   819 :    527    679    859
   820 :    528    858    683
   821 :    480    515    812
   822 :    531    856    686
   823 :    535    854    688
   824 :    260    967    816
   825 :    240    844    546
   826 :    396    799    675
   827 :    397    678    797
   828 :    541    850    693
   829 :    544    694    848
   830 :    543    695    849
   831 :    334    674    424
   832 :    407    505    904
   833 :    409    905    507
   834 :    331    431    962
   835 :    266    671    741
   836 :    439    810    676
   837 :    385    776    646
   838 :    387    644    774
   839 :    165    550    778
   840 :    268    751    672
   841 :    192    767    551
   842 :    408    506    936
   843 :    577    730    809
   844 :    265    660    673
   845 :    442    681    808
   846 :    441    807    682
   847 :    437    806    685
   848 :    265    673    571
   849 :    436    805    689
   850 :    303    968    948
   851 :    450    872    578
   852 :    321    629    821
   853 :    114    572    700
   854 :    115    701    572
   855 :    264    667    566
   856 :    166    702    550
   857 :    191    551    703
   858 :    384    922    854
   859 :    212    704    573
   860 :    211    573    705
   861 :    322    628    822
   862 :    324    630    824
   863 :    199    200    675
   864 :    203    204    676
   865 :    201    202    677
   866 :    157    158    678
   867 :    522    949    675
   868 :    523    678    948
   869 :     51    574    706
   870 :     52    707    574
   871 :    327    841    855
   872 :    138    575    708
   873 :    139    709    575
   874 :    187    576    710
   875 :    188    711    576
   876 :    438    696    804
   877 :    306    607    699
   878 :     17     18    679
   879 :     13     14    681
   880 :     15     16    680
   881 :    106    107    682
   882 :    102    103    683
   883 :    104    105    684
   884 :    383    937    856
   885 :    130    131    685
   886 :    126    127    686
   887 :    128    129    687
   888 :    310    796    606
   889 :    175    176    688
   890 :    179    180    689
   891 :    177    178    690
   892 :    264    659    667
   893 :    446    967    510
   894 :    332    847    555
   895 :    279    547    952
   896 :    322    822    924
   897 :    143    144    691
   898 :    145    146    692
   899 :    388    609    546
   900 :    273    631    851
   901 :    277    632    853
   902 :     34     35    693
   903 :     63     64    694
   904 :     85     86    695
   905 :     59     60    696
   906 :     61     62    697
   907 :    330    863    724
   908 :    601    908    898
   909 :    602    897    909
   910 :    319    926    404
   911 :    321    405    925
   912 :    322    924    407
   913 :    120    586    712
   914 :    121    713    586
   915 :    169    587    714
   916 :    170    715    587
   917 :     28    588    716
   918 :     29    717    588
   919 :     69    589    718
   920 :     70    721    589
   921 :     91    590    719
   922 :     92    720    590
   923 :    388    540    609
   924 :     45    593    722
   925 :     46    723    593
   926 :    290    604    836
   927 :    292    835    603
   928 :    307    839    625
   929 :    243    837    244
   930 :    247    838    248
   931 :    533    952    817
   932 :    337    924    822
   933 :    113    114    700
   934 :    115    116    701
   935 :    166    167    702
   936 :    190    191    703
   937 :      0    704    212
   938 :    210    211    705
   939 :     50     51    706
   940 :     52     53    707
   941 :    137    138    708
   942 :    139    140    709
   943 :    186    187    710
   944 :    188    189    711
   945 :    331    739    868
   946 :    274    944    545
   947 :    386    848    933
   948 :    223    610    561
   949 :    226    559    611
   950 :    230    558    612
   951 :    227    611    560
   952 :    252    613    562
   953 :      1    563    614
   954 :    213    614    564
   955 :    216    565    615
   956 :    119    120    712
   957 :    121    122    713
   958 :    168    169    714
   959 :    170    171    715
   960 :     27     28    716
   961 :     29     30    717
   962 :     68     69    718
   963 :     90     91    719
   964 :     92     93    720
   965 :     70     71    721
   966 :     44     45    722
   967 :     46     47    723
   968 :    292    724    939
   969 :     74    801    569
   970 :     24    567    802
   971 :     96    803    568
   972 :    301    396    949
   973 :    303    948    397
   974 :    349    472    599
   975 :    348    595    471
   976 :    411    859    679
   977 :    412    683    858
   978 :    413    686    856
   979 :    414    688    854
   980 :    312    928    601
   981 :    239    844    240
   982 :    314    602    927
   983 :    375    427    669
   984 :    415    693    850
   985 :    417    848    694
   986 :    416    849    695
   987 :    443    809    730
   988 :     25     26    727
   989 :     94     95    728
   990 :     72     73    729
   991 :    378    876    874
   992 :    273    851    819
   993 :    225    941    559
   994 :    229    940    558
   995 :    228    560    940
   996 :    224    561    941
   997 :    253    562    943
   998 :    214    564    942
   999 :    215    942    565
  1000 :    254    943    563
  1001 :    277    853    827
  1002 :     25    727    567
  1003 :     95    568    728
  1004 :     73    569    729
  1005 :    295    571    921
  1006 :    380    755    523
  1007 :    311    795    859
  1008 :    313    858    794
  1009 :    285    579    893
  1010 :    446    817    952
  1011 :    288    895    580
  1012 :    329    867    842
  1013 :    396    675    949
  1014 :    440    947    517
  1015 :    397    948    678
  1016 :    152    153    730
  1017 :    433    946    518
  1018 :      8      9    733
  1019 :    111    112    734
  1020 :    208    209    735
  1021 :     54     55    736
  1022 :    135    136    737
  1023 :    184    185    738
  1024 :    309    850    732
  1025 :    305    731    849
  1026 :    151    577    800
  1027 :    303    741    671
  1028 :    287    920    605
  1029 :    377    424    674
  1030 :    301    672    751
  1031 :     20     21    742
  1032 :     99    100    743
  1033 :    123    124    744
  1034 :    172    173    745
  1035 :    152    730    577
  1036 :     31     32    746
  1037 :     88     89    747
  1038 :     66     67    748
  1039 :    950    305    886
  1040 :    951    885    309
  1041 :     77     78    749
  1042 :     42     43    750
  1043 :    301    836    965
  1044 :    551    962    703
  1045 :    550    702    961
  1046 :    155    156    755
  1047 :    277    826    955
  1048 :    273    818    954
  1049 :    330    724    603
  1050 :     10    768    581
  1051 :    110    582    769
  1052 :      9    581    733
  1053 :    111    734    582
  1054 :    207    585    770
  1055 :    192    193    767
  1056 :     10     11    768
  1057 :    109    110    769
  1058 :    206    207    770
  1059 :     56     57    771
  1060 :    133    134    772
  1061 :    182    183    773
  1062 :    396    654    799
  1063 :     79     80    775
  1064 :     83     84    774
  1065 :     36     37    776
  1066 :     40     41    777
  1067 :    164    165    778
  1068 :     56    771    591
  1069 :    303    963    835
  1070 :    134    592    772
  1071 :      5      6    779
  1072 :    317    659    833
  1073 :    208    735    585
  1074 :    183    600    773
  1075 :    290    836    751
  1076 :     55    591    736
  1077 :    331    604    739
  1078 :    135    737    592
  1079 :    247    584    838
  1080 :    244    837    583
  1081 :    258    519    938
  1082 :    184    738    600
  1083 :    150    151    800
  1084 :    397    797    636
  1085 :    292    741    835
  1086 :    405    561    610
  1087 :    404    612    558
  1088 :    406    611    559
  1089 :    406    560    611
  1090 :    408    562    613
  1091 :    410    614    563
  1092 :    410    564    614
  1093 :    409    615    565
  1094 :    194    195    869
  1095 :    289    908    601
  1096 :    283    602    909
  1097 :    160    161    870
  1098 :    239    596    844
  1099 :    301    949    932
  1100 :    233    594    934
  1101 :    220    935    597
  1102 :    234    934    595
  1103 :    219    599    935
  1104 :     23     24    802
  1105 :     96     97    803
  1106 :    389    652    778
  1107 :    280    663    537
  1108 :    281    538    664
  1109 :     74     75    801
  1110 :    450    851    631
  1111 :     81     82    878
  1112 :     38     39    879
  1113 :    451    853    632
  1114 :      3      4    880
  1115 :    162    163    881
  1116 :    196    197    882
  1117 :    204    205    798
  1118 :    198    199    799
  1119 :    158    159    797
  1120 :     18     19    793
  1121 :     12     13    792
  1122 :    101    102    790
  1123 :    107    108    791
  1124 :    125    126    788
  1125 :    131    132    789
  1126 :    174    175    786
  1127 :    180    181    787
  1128 :    146    147    784
  1129 :    142    143    785
  1130 :     33     34    783
  1131 :     64     65    782
  1132 :     86     87    780
  1133 :     58     59    781
  1134 :    390    767    635
  1135 :    116    117    766
  1136 :      0      2    765
  1137 :     49     50    764
  1138 :    140    141    763
  1139 :    189    190    762
  1140 :    118    119    761
  1141 :    167    168    760
  1142 :     47     48    759
  1143 :    297    625    839
  1144 :     26     27    758
  1145 :     71     72    756
  1146 :     93     94    757
  1147 :    153    154    754
  1148 :      7      8    753
  1149 :    112    113    752
  1150 :    446    952    547
  1151 :    209    210    896
  1152 :    431    703    962
  1153 :     53     54    899
  1154 :    435    961    702
  1155 :    136    137    900
  1156 :    279    570    740
  1157 :    390    964    604
  1158 :    185    186    901
  1159 :    389    603    966
  1160 :    385    541    776
  1161 :    387    774    543
  1162 :    315    660    832
  1163 :    520    939    724
  1164 :    394    801    665
  1165 :    369    699    698
  1166 :    282    699    607
  1167 :     19    616    793
  1168 :    101    790    617
  1169 :    125    788    618
  1170 :    346    857    740
  1171 :    174    786    619
  1172 :    288    725    895
  1173 :    285    893    726
  1174 :     20    742    616
  1175 :    100    617    743
  1176 :    124    618    744
  1177 :    173    619    745
  1178 :     33    783    620
  1179 :     87    621    780
  1180 :     65    622    782
  1181 :    313    668    829
  1182 :    286    606    796
  1183 :    275    821    629
  1184 :    434    545    944
  1185 :    148    149    918
  1186 :     32    620    746
  1187 :     88    747    621
  1188 :     66    748    622
  1189 :    392    661    802
  1190 :    393    803    662
  1191 :     79    775    623
  1192 :     41    624    777
  1193 :    333    456    873
  1194 :    332    875    455
  1195 :    334    907    960
  1196 :     78    623    749
  1197 :     42    750    624
  1198 :    379    677    521
  1199 :    379    522    677
  1200 :    317    854    922
  1201 :    311    828    670
  1202 :    315    856    937
  1203 :    377    674    867
  1204 :    355    883    402
  1205 :    354    401    884
  1206 :    347    887    400
  1207 :    351    897    399
  1208 :    350    398    898
  1209 :    276    822    628
  1210 :    278    824    630
  1211 :    334    395    907
  1212 :    233    934    234
  1213 :    219    935    220
  1214 :    530    873    584
  1215 :    530    583    875
  1216 :    434    945    545
  1217 :    357    725    828
  1218 :    358    829    726
  1219 :    322    407    904
  1220 :    325    905    409
  1221 :    340    824    825
  1222 :    341    826    827
  1223 :    337    822    823
  1224 :    336    821    820
  1225 :    338    818    819
  1226 :    486    960    907
  1227 :    333    740    857
  1228 :    324    408    936
  1229 :    154    626    754
  1230 :    155    755    626
  1231 :    323    843    555
  1232 :    381    526    680
  1233 :    381    680    527
  1234 :    382    528    684
  1235 :    382    684    529
  1236 :    224    941    225
  1237 :    228    940    229
  1238 :    214    942    215
  1239 :    253    943    254
  1240 :    383    531    687
  1241 :    383    687    532
  1242 :    384    690    534
  1243 :    384    535    690
  1244 :    307    933    848
  1245 :    342    813    669
  1246 :    318    667    922
  1247 :    308    933    666
  1248 :    382    807    794
  1249 :    381    795    808
  1250 :    304    968    671
  1251 :    300    885    633
  1252 :    298    634    886
  1253 :    193    635    767
  1254 :    194    869    635
  1255 :     21     22    956
  1256 :     98     99    957
  1257 :    160    870    636
  1258 :    159    636    797
  1259 :    299    669    813
  1260 :    293    833    659
  1261 :     11    637    768
  1262 :    109    769    638
  1263 :    206    770    639
  1264 :    122    123    958
  1265 :     12    792    637
  1266 :    108    638    791
  1267 :     57    640    771
  1268 :    133    772    641
  1269 :    303    671    968
  1270 :    307    666    933
  1271 :    182    773    642
  1272 :    171    172    959
  1273 :    205    639    798
  1274 :     58    781    640
  1275 :    132    641    789
  1276 :    181    642    787
  1277 :    294    867    674
  1278 :     80    643    775
  1279 :     83    774    644
  1280 :     37    646    776
  1281 :     40    777    645
  1282 :     81    878    643
  1283 :     82    644    878
  1284 :     39    645    879
  1285 :     38    879    646
  1286 :    302    672    932
  1287 :    142    785    647
  1288 :      5    779    649
  1289 :    141    647    763
  1290 :    164    778    652
  1291 :      4    649    880
  1292 :      3    880    650
  1293 :    117    648    766
  1294 :    118    761    648
  1295 :      2    650    765
  1296 :     49    764    651
  1297 :     48    651    759
  1298 :    195    655    869
  1299 :    161    653    870
  1300 :    163    652    881
  1301 :    162    881    653
  1302 :    197    654    882
  1303 :    196    882    655
  1304 :    198    799    654
  1305 :    303    835    741
  1306 :    317    922    667
  1307 :      6    656    779
  1308 :    301    751    836
  1309 :      7    753    656
  1310 :    292    603    724
  1311 :    391    779    656
  1312 :    386    542    697
  1313 :    386    697    544
  1314 :    388    546    846
  1315 :    391    649    779
  1316 :    396    965    461
  1317 :    389    966    463
  1318 :    290    739    604
  1319 :    316    673    937
  1320 :    405    914    561
  1321 :    406    559    915
  1322 :    404    558    917
  1323 :    406    916    560
  1324 :    408    910    562
  1325 :    410    563    911
  1326 :    410    912    564
  1327 :    409    565    913
  1328 :    352    965    836
  1329 :    350    908    811
  1330 :    397    462    963
  1331 :    390    460    964
  1332 :    388    847    540
  1333 :    150    800    658
  1334 :    147    657    784
  1335 :    148    918    657
  1336 :    149    658    918
  1337 :    301    932    672
  1338 :    315    937    673
  1339 :    353    835    963
  1340 :    389    778    550
  1341 :    259    946    862
  1342 :    261    947    864
  1343 :    390    551    767
  1344 :    352    604    964
  1345 :    634    950    886
  1346 :    633    885    951
  1347 :    353    966    603
  1348 :    333    857    456
  1349 :    332    455    847
  1350 :    274    555    843
  1351 :    457    860    630
  1352 :    395    658    800
  1353 :    458    862    629
  1354 :    284    832    660
  1355 :    459    864    628
  1356 :    327    861    841
  1357 :    296    874    876
  1358 :    370    831    796
  1359 :    328    865    840
  1360 :    319    819    851
  1361 :    329    842    866
  1362 :    325    827    853
  1363 :    285    829    668
  1364 :    496    562    910
  1365 :    496    911    563
  1366 :    495    913    565
  1367 :    495    564    912
  1368 :    493    917    558
  1369 :    494    915    559
  1370 :    494    561    914
  1371 :    493    560    916
  1372 :     23    802    661
  1373 :     97    662    803
  1374 :    288    670    828
  1375 :     22    661    956
  1376 :    269    601    928
  1377 :     98    957    662
  1378 :    271    927    602
  1379 :     75    665    801
  1380 :    404    502    612
  1381 :    405    610    504
  1382 :    408    613    506
  1383 :    409    507    615
  1384 :    278    630    929
  1385 :    275    629    930
  1386 :    276    628    931
  1387 :    456    838    584
  1388 :    455    583    837
  1389 :    359    832    903
  1390 :    456    584    873
  1391 :    455    875    583
  1392 :    411    679    793
  1393 :    412    790    683
  1394 :    361    833    902
  1395 :    413    788    686
  1396 :    414    786    688
  1397 :    415    783    693
  1398 :    416    695    780
  1399 :    417    694    782
  1400 :    332    834    876
  1401 :    449    844    596
  1402 :    314    794    807
  1403 :    312    808    795
  1404 :    204    798    676
  1405 :    199    675    799
  1406 :    158    797    678
  1407 :    395    809    907
  1408 :     18    793    679
  1409 :     13    681    792
  1410 :    102    683    790
  1411 :    107    791    682
  1412 :    126    686    788
  1413 :    131    789    685
  1414 :    180    787    689
  1415 :    175    688    786
  1416 :    146    784    692
  1417 :    143    691    785
  1418 :    398    768    637
  1419 :    399    638    769
  1420 :     34    693    783
  1421 :     64    782    694
  1422 :     86    780    695
  1423 :     59    696    781
  1424 :    294    674    960
  1425 :    333    873    874
  1426 :    332    876    875
  1427 :    394    569    801
  1428 :    392    802    567
  1429 :    393    568    803
  1430 :    345    893    892
  1431 :    407    503    598
  1432 :    407    598    505
  1433 :    343    894    895
  1434 :    424    692    784
  1435 :    422    785    691
  1436 :    400    639    770
  1437 :    333    874    845
  1438 :    116    766    701
  1439 :    190    703    762
  1440 :    167    760    702
  1441 :      0    765    704
  1442 :    113    700    752
  1443 :     50    706    764
  1444 :    140    763    709
  1445 :    189    762    711
  1446 :    401    771    640
  1447 :    630    860    929
  1448 :    402    641    772
  1449 :    210    705    896
  1450 :    629    862    930
  1451 :     53    899    707
  1452 :    137    708    900
  1453 :    452    727    758
  1454 :    453    756    729
  1455 :    454    757    728
  1456 :    628    864    931
  1457 :    186    710    901
  1458 :    119    712    761
  1459 :    168    714    760
  1460 :     47    759    723
  1461 :     27    716    758
  1462 :     93    757    720
  1463 :     71    756    721
  1464 :    403    642    773
  1465 :    443    730    754
  1466 :    425    701    766
  1467 :    427    704    765
  1468 :    456    857    539
  1469 :    429    764    706
  1470 :    431    711    762
  1471 :    431    762    703
  1472 :     26    758    727
  1473 :     72    729    756
  1474 :     94    728    757
  1475 :    435    760    714
  1476 :    308    804    933
  1477 :    153    754    730
  1478 :    452    758    716
  1479 :    454    720    757
  1480 :    453    721    756
  1481 :      8    733    753
  1482 :    112    752    734
  1483 :    209    896    735
  1484 :     54    736    899
  1485 :    136    900    737
  1486 :    435    702    760
  1487 :    185    901    738
  1488 :    379    521    810
  1489 :    378    873    530
  1490 :    378    530    875
  1491 :    384    534    805
  1492 :    383    532    806
  1493 :    386    804    542
  1494 :    382    529    807
  1495 :    381    808    526
  1496 :    122    958    713
  1497 :    171    959    715
  1498 :    449    846    546
  1499 :    395    577    809
  1500 :    318    922    805
  1501 :    455    540    847
  1502 :     21    956    742
  1503 :     99    743    957
  1504 :    123    744    958
  1505 :    172    745    959
  1506 :    395    800    577
  1507 :    344    852    953
  1508 :    316    937    806
  1509 :    286    831    906
  1510 :    352    461    965
  1511 :    407    924    503
  1512 :    404    926    502
  1513 :    405    504    925
  1514 :    353    463    966
  1515 :    282    698    699
  1516 :    336    494    914
  1517 :    338    917    493
  1518 :    338    493    916
  1519 :    336    915    494
  1520 :    340    496    910
  1521 :    340    911    496
  1522 :    341    913    495
  1523 :    341    495    912
  1524 :    360    903    861
  1525 :    362    902    863
  1526 :    545    945    816
  1527 :    456    539    838
  1528 :    455    837    540
  1529 :    371    906    831
  1530 :    384    805    922
  1531 :    449    546    844
  1532 :    472    935    599
  1533 :    471    934    594
  1534 :    471    595    934
  1535 :    472    597    935
  1536 :    378    874    873
  1537 :    378    875    876
  1538 :    389    550    961
  1539 :    302    932    810
  1540 :    352    964    460
  1541 :    353    963    462
  1542 :    386    933    804
  1543 :    390    962    551
  1544 :    379    810    932
  1545 :    320    954    818
  1546 :    326    955    826
  1547 :    398    581    768
  1548 :    399    769    582
  1549 :    284    841    861
  1550 :    260    816    945
  1551 :    270    633    951
  1552 :    272    950    634
  1553 :    400    770    585
  1554 :    296    876    834
  1555 :    386    544    848
  1556 :    387    543    849
  1557 :    385    850    541
  1558 :    401    591    771
  1559 :    402    772    592
  1560 :    403    773    600
  1561 :    287    840    865
  1562 :    384    854    535
  1563 :    383    856    531
  1564 :    383    806    937
  1565 :    382    858    528
  1566 :    381    527    859
  1567 :    295    866    842
  1568 :    432    929    860
  1569 :    273    819    818
  1570 :    275    820    821
  1571 :    276    823    822
  1572 :    278    825    824
  1573 :    277    827    826
  1574 :    284    903    832
  1575 :    433    930    862
  1576 :    493    558    940
  1577 :    493    940    560
  1578 :    494    559    941
  1579 :    494    941    561
  1580 :    496    943    562
  1581 :    496    563    943
  1582 :    495    565    942
  1583 :    495    942    564
  1584 :    440    931    864
  1585 :    451    919    871
  1586 :    464    753    733
  1587 :    465    734    752
  1588 :    314    927    794
  1589 :    312    795    928
  1590 :    288    828    725
  1591 :    285    726    829
  1592 :    293    902    833
  1593 :    424    784    657
  1594 :    450    923    872
  1595 :    296    845    874
  1596 :    468    735    896
  1597 :    469    899    736
  1598 :    470    737    900
  1599 :    473    738    901
  1600 :    350    898    908
  1601 :    351    909    897
  1602 :    430    723    759
  1603 :    426    761    712
  1604 :    289    811    908
  1605 :    423    709    763
  1606 :    354    884    920
  1607 :    355    921    883
  1608 :    418    775    643
  1609 :    419    645    777
  1610 :    422    647    785
  1611 :    438    781    696
  1612 :    465    752    700
  1613 :    442    792    681
  1614 :    441    682    791
  1615 :    436    689    787
  1616 :    437    685    789
  1617 :    468    896    705
  1618 :    433    862    946
  1619 :    469    707    899
  1620 :    470    900    708
  1621 :    305    950    731
  1622 :    309    732    951
  1623 :    440    864    947
  1624 :    334    960    674
  1625 :    473    901    710
  1626 :    439    676    798
  1627 :    411    793    616
  1628 :    412    617    790
  1629 :    413    618    788
  1630 :    414    619    786
  1631 :    297    953    852
  1632 :    445    871    919
  1633 :    415    620    783
  1634 :    416    780    621
  1635 :    417    782    622
  1636 :    425    766    648
  1637 :    427    765    650
  1638 :    429    651    764
  1639 :    444    872    923
  1640 :    304    907    809
  1641 :    380    523    948
  1642 :    379    949    522
  1643 :    286    796    831
  1644 :    418    623    775
  1645 :    419    777    624
  1646 :    284    861    903
  1647 :    293    863    902
  1648 :    487    742    956
  1649 :    488    957    743
  1650 :    490    958    744
  1651 :    491    959    745
  1652 :    443    754    626
  1653 :    490    713    958
  1654 :    491    715    959
  1655 :    442    637    792
  1656 :    441    791    638
  1657 :    438    640    781
  1658 :    437    789    641
  1659 :    436    787    642
  1660 :    439    798    639
  1661 :    460    869    655
  1662 :    462    870    653
  1663 :    423    763    647
  1664 :    460    635    869
  1665 :    462    636    870
  1666 :    426    648    761
  1667 :    430    759    651
  1668 :    421    878    644
  1669 :    421    643    878
  1670 :    420    879    645
  1671 :    420    646    879
  1672 :    428    880    649
  1673 :    428    650    880
  1674 :    464    656    753
  1675 :    463    881    652
  1676 :    463    653    881
  1677 :    461    882    654
  1678 :    461    655    882
  1679 :    479    657    918
  1680 :    479    918    658
  1681 :    487    956    661
  1682 :    488    662    957
