Number of nodes 17 
     0 :  0.0000000e+00  0.0000000e+00 
     1 :  1.0000000e+00  0.0000000e+00 
     2 :  1.0000000e+00  1.0000000e+00 
     3 :  0.0000000e+00  1.0000000e+00 
     4 :  3.6602544e-01  0.0000000e+00 
     5 :  1.0000000e+00  5.0000000e-01 
     6 :  3.6602544e-01  1.0000000e+00 
     7 :  0.0000000e+00  7.5000000e-01 
     8 :  0.0000000e+00  5.0000000e-01 
     9 :  0.0000000e+00  2.5000000e-01 
    10 :  5.2291617e-01  4.3593195e-01 
    11 :  2.6787008e-01  6.4867208e-01 
    12 :  2.2054661e-01  3.4010355e-01 
    13 :  1.6447672e-01  8.5416666e-01 
    14 :  1.5876624e-01  1.4001726e-01 
    15 :  6.4683771e-01  7.4335469e-01 
    16 :  7.0916117e-01  2.1316995e-01 
Number of triangles 22 
     0 :      2      6     15 
     1 :      3     13      6 
     2 :      0      4     14 
     3 :      4     12     14 
     4 :      4     10     12 
     5 :      6     13     11 
     6 :      7      8     11 
     7 :      6     11     15 
     8 :      8      9     12 
     9 :      1      5     16 
    10 :      2     15      5 
    11 :      4     16     10 
    12 :      3      7     13 
    13 :      0     14      9 
    14 :      5     10     16 
    15 :      5     15     10 
    16 :      8     12     11 
    17 :      7     11     13 
    18 :     10     15     11 
    19 :      9     14     12 
    20 :     10     11     12 
    21 :      1     16      4 
