Number of nodes 32 
     0 :  0.0000000e+00  0.0000000e+00 
     1 :  1.0000000e+00  0.0000000e+00 
     2 :  1.0000000e+00  1.0000000e+00 
     3 :  0.0000000e+00  1.0000000e+00 
     4 :  1.5803702e-01  0.0000000e+00 
     5 :  3.6602544e-01  0.0000000e+00 
     6 :  6.3975355e-01  0.0000000e+00 
     7 :  1.0000000e+00  5.0000000e-01 
     8 :  6.3975355e-01  1.0000000e+00 
     9 :  3.6602544e-01  1.0000000e+00 
    10 :  1.5803702e-01  1.0000000e+00 
    11 :  0.0000000e+00  8.3333334e-01 
    12 :  0.0000000e+00  6.6666666e-01 
    13 :  0.0000000e+00  5.0000000e-01 
    14 :  0.0000000e+00  3.3333334e-01 
    15 :  0.0000000e+00  1.6666666e-01 
    16 :  4.0815553e-01  4.2464890e-01 
    17 :  2.5934915e-01  7.6309180e-01 
    18 :  2.4543475e-01  2.6097775e-01 
    19 :  5.5704979e-01  6.8217126e-01 
    20 :  1.8262052e-01  4.3554099e-01 
    21 :  4.8921171e-01  2.0393332e-01 
    22 :  1.4672588e-01  5.9855713e-01 
    23 :  7.7261343e-01  2.4160315e-01 
    24 :  7.8672005e-01  7.5168770e-01 
    25 :  1.5044651e-01  8.7286641e-01 
    26 :  3.3087919e-01  6.0483007e-01 
    27 :  1.2101226e-01  1.4262009e-01 
    28 :  4.3294751e-01  8.1420181e-01 
    29 :  6.6394064e-01  4.6347357e-01 
    30 :  1.1635198e-01  7.2930943e-01 
    31 :  2.7273410e-01  1.0585914e-01 
Number of triangles 46 
     0 :      9     10     25 
     1 :     15     27     14 
     2 :     14     27     18 
     3 :      9     25     17 
     4 :     14     18     20 
     5 :     10      3     25 
     6 :      2     24      7 
     7 :     11     25      3 
     8 :      1      7     23 
     9 :     13     14     20 
    10 :      0      4     27 
    11 :     15      0     27 
    12 :      9     17     28 
    13 :     16     20     18 
    14 :      9     28      8 
    15 :     19     26     16 
    16 :      1     23      6 
    17 :      6     21      5 
    18 :     21     18     31 
    19 :     12     13     22 
    20 :     16     18     21 
    21 :     13     20     22 
    22 :      8     28     19 
    23 :     19     29     24 
    24 :      5     21     31 
    25 :      4      5     31 
    26 :     26     28     17 
    27 :     12     30     11 
    28 :     22     20     26 
    29 :      8     24      2 
    30 :      6     23     21 
    31 :     16     26     20 
    32 :     19     16     29 
    33 :     19     28     26 
    34 :      8     19     24 
    35 :      7     24     29 
    36 :     21     29     16 
    37 :     22     17     30 
    38 :     11     30     25 
    39 :     22     26     17 
    40 :     21     23     29 
    41 :     12     22     30 
    42 :      7     29     23 
    43 :      4     31     27 
    44 :     25     30     17 
    45 :     18     27     31 
