Number of nodes 101 
     0 :  0.0000000e+00  0.0000000e+00 
     1 :  1.0000000e+00  0.0000000e+00 
     2 :  1.0000000e+00  1.0000000e+00 
     3 :  0.0000000e+00  1.0000000e+00 
     4 :  7.3601355e-02  0.0000000e+00 
     5 :  1.5803702e-01  0.0000000e+00 
     6 :  2.5490183e-01  0.0000000e+00 
     7 :  3.6602541e-01  0.0000000e+00 
     8 :  4.9350670e-01  0.0000000e+00 
     9 :  6.3975355e-01  0.0000000e+00 
    10 :  8.0752833e-01  0.0000000e+00 
    11 :  1.0000000e+00  2.5000000e-01 
    12 :  1.0000000e+00  5.0000000e-01 
    13 :  1.0000000e+00  7.5000000e-01 
    14 :  8.0752833e-01  1.0000000e+00 
    15 :  6.3975355e-01  1.0000000e+00 
    16 :  4.9350670e-01  1.0000000e+00 
    17 :  3.6602541e-01  1.0000000e+00 
    18 :  2.5490183e-01  1.0000000e+00 
    19 :  1.5803702e-01  1.0000000e+00 
    20 :  7.3601355e-02  1.0000000e+00 
    21 :  0.0000000e+00  9.2857143e-01 
    22 :  0.0000000e+00  8.5714285e-01 
    23 :  0.0000000e+00  7.8571429e-01 
    24 :  0.0000000e+00  7.1428571e-01 
    25 :  0.0000000e+00  6.4285715e-01 
    26 :  0.0000000e+00  5.7142857e-01 
    27 :  0.0000000e+00  5.0000000e-01 
    28 :  0.0000000e+00  4.2857143e-01 
    29 :  0.0000000e+00  3.5714285e-01 
    30 :  0.0000000e+00  2.8571429e-01 
    31 :  0.0000000e+00  2.1428571e-01 
    32 :  0.0000000e+00  1.4285715e-01 
    33 :  0.0000000e+00  7.1428570e-02 
    34 :  4.5858262e-01  4.4775390e-01 
    35 :  2.5293033e-01  2.5331939e-01 
    36 :  2.6481130e-01  7.5685921e-01 
    37 :  2.1756455e-01  4.5624662e-01 
    38 :  4.9486857e-01  7.3948670e-01 
    39 :  1.4804266e-01  6.0842915e-01 
    40 :  4.9632405e-01  2.2440457e-01 
    41 :  1.4374490e-01  1.5338284e-01 
    42 :  1.4943302e-01  8.4794896e-01 
    43 :  3.2679477e-01  6.0151020e-01 
    44 :  1.4191567e-01  3.1401937e-01 
    45 :  7.2745364e-01  3.5302448e-01 
    46 :  1.1246888e-01  7.5831076e-01 
    47 :  7.2094516e-01  7.9928732e-01 
    48 :  6.5905438e-01  5.7773760e-01 
    49 :  3.8790537e-01  8.3209683e-01 
    50 :  1.1358908e-01  4.6291002e-01 
    51 :  3.0317839e-01  1.2234797e-01 
    52 :  3.3138497e-01  3.6894822e-01 
    53 :  6.5665454e-01  2.0664695e-01 
    54 :  2.5594395e-01  8.5559678e-01 
    55 :  1.0179882e-01  2.3441614e-01 
    56 :  8.4891720e-02  8.3472920e-02 
    57 :  8.5943210e-02  9.1676505e-01 
    58 :  5.6557719e-01  8.6629523e-01 
    59 :  6.7760645e-02  8.2001863e-01 
    60 :  7.5373120e-02  6.8183284e-01 
    61 :  3.6776824e-01  7.0272589e-01 
    62 :  7.1916720e-02  5.3518063e-01 
    63 :  7.2323850e-02  3.9144382e-01 
    64 :  4.2903149e-01  1.1252412e-01 
    65 :  5.6653687e-01  3.4527882e-01 
    66 :  4.7497427e-01  5.9438682e-01 
    67 :  2.2363209e-01  3.5816034e-01 
    68 :  2.0024123e-01  8.4109115e-02 
    69 :  8.1737468e-01  6.5699338e-01 
    70 :  5.9596810e-02  6.0724321e-01 
    71 :  3.3495664e-01  4.9790480e-01 
    72 :  3.7182357e-01  2.3421848e-01 
    73 :  1.7377083e-01  7.0311881e-01 
    74 :  8.3200648e-01  1.7785065e-01 
    75 :  5.9490550e-02  3.1044348e-01 
    76 :  5.6868904e-01  1.0722439e-01 
    77 :  1.5216400e-01  3.9778722e-01 
    78 :  2.3747651e-01  5.5805251e-01 
    79 :  2.0154711e-01  9.2453842e-01 
    80 :  6.5451925e-02  1.7144771e-01 
    81 :  1.5242722e-01  5.2697568e-01 
    82 :  4.4532368e-01  3.3306474e-01 
    83 :  8.5776756e-01  8.5172509e-01 
    84 :  2.5513131e-01  6.5718151e-01 
    85 :  2.1989686e-01  1.6448622e-01 
    86 :  1.7194727e-01  2.2053603e-01 
    87 :  4.2721248e-01  9.2640940e-01 
    88 :  1.8646113e-01  7.8390295e-01 
    89 :  7.8168369e-01  4.9236799e-01 
    90 :  6.3257305e-01  6.9888427e-01 
    91 :  4.8773285e-02  7.5000000e-01 
    92 :  8.7748048e-01  3.6609257e-01 
    93 :  4.9664840e-02  4.6384269e-01 
    94 :  3.1561087e-01  9.3215359e-01 
    95 :  5.9930446e-01  4.7033268e-01 
    96 :  7.0849790e-01  9.3861955e-02 
    97 :  4.4826905e-02  2.4550764e-01 
    98 :  3.8657405e-02  9.6200487e-01 
    99 :  3.8657405e-02  3.7995130e-02 
   100 :  7.2008988e-01  9.0810618e-01 
Number of triangles 166 
     0 :     36     49     54 
     1 :     43     71     66 
     2 :     19     20     57 
     3 :      4      5     56 
     4 :      5     68     56 
     5 :      6      7     51 
     6 :     32     33     56 
     7 :     21     22     57 
     8 :     37     67     52 
     9 :     34     66     71 
    10 :     36     61     49 
    11 :     38     66     90 
    12 :     35     72     52 
    13 :     35     52     67 
    14 :     19     57     79 
    15 :     44     86     35 
    16 :     22     59     57 
    17 :     44     35     67 
    18 :     66     48     90 
    19 :     37     52     71 
    20 :     38     58     49 
    21 :     40     53     65 
    22 :     42     88     54 
    23 :      6     51     68 
    24 :     10      1     74 
    25 :     41     56     68 
    26 :     32     56     80 
    27 :     38     49     61 
    28 :     49     58     87 
    29 :     66     95     48 
    30 :     39     73     60 
    31 :     31     80     97 
    32 :     35     85     51 
    33 :     36     54     88 
    34 :     31     32     80 
    35 :     42     59     46 
    36 :     45     53     74 
    37 :     34     71     52 
    38 :     39     70     62 
    39 :     11     74      1 
    40 :     39     60     70 
    41 :     48     95     89 
    42 :     52     72     82 
    43 :     44     55     86 
    44 :     35     51     72 
    45 :     45     65     53 
    46 :     42     54     79 
    47 :     43     66     61 
    48 :      7     64     51 
    49 :     38     90     58 
    50 :     42     79     57 
    51 :     40     76     53 
    52 :     45     74     92 
    53 :     45     89     95 
    54 :     34     95     66 
    55 :     15     16     58 
    56 :     38     61     66 
    57 :     39     78     84 
    58 :     46     60     73 
    59 :     44     75     55 
    60 :     24     25     60 
    61 :     22     23     59 
    62 :     39     84     73 
    63 :     75     97     55 
    64 :     26     27     62 
    65 :     28     29     63 
    66 :     69     90     48 
    67 :     42     46     88 
    68 :     39     62     81 
    69 :     69     83     47 
    70 :     13      2     83 
    71 :     64     72     51 
    72 :     47     58     90 
    73 :     69     47     90 
    74 :     37     50     77 
    75 :     37     81     50 
    76 :      7      8     64 
    77 :     34     52     82 
    78 :     18     19     79 
    79 :     42     57     59 
    80 :      5      6     68 
    81 :     80     55     97 
    82 :      2     14     83 
    83 :     64     40     72 
    84 :     45     95     65 
    85 :      8      9     76 
    86 :     12     13     69 
    87 :     49     94     54 
    88 :     37     71     78 
    89 :     36     84     61 
    90 :     16     87     58 
    91 :     44     67     77 
    92 :     25     26     70 
    93 :     41     55     80 
    94 :     29     30     75 
    95 :     37     77     67 
    96 :     40     82     72 
    97 :     44     63     75 
    98 :     33     99     56 
    99 :     21     57     98 
   100 :     64     76     40 
   101 :     25     70     60 
   102 :     43     61     84 
   103 :     18     79     94 
   104 :     26     62     70 
   105 :     11     12     92 
   106 :     44     77     63 
   107 :     34     82     65 
   108 :     29     75     63 
   109 :      4     56     99 
   110 :     20     98     57 
   111 :     12     69     89 
   112 :     65     82     40 
   113 :     49     87     94 
   114 :     43     78     71 
   115 :     24     60     91 
   116 :     23     91     59 
   117 :     69     48     89 
   118 :     41     86     55 
   119 :     28     63     93 
   120 :     27     93     62 
   121 :     13     83     69 
   122 :     15     58    100 
   123 :      8     76     64 
   124 :      9     96     76 
   125 :     68     51     85 
   126 :     16     17     87 
   127 :     47    100     58 
   128 :     37     78     81 
   129 :     11     92     74 
   130 :     46     73     88 
   131 :     34     65     95 
   132 :     17     18     94 
   133 :     15    100     14 
   134 :     39     81     78 
   135 :      9     10     96 
   136 :     41     80     56 
   137 :     50     63     77 
   138 :     54     94     79 
   139 :     62     50     81 
   140 :     12     89     92 
   141 :     30     97     75 
   142 :     23     24     91 
   143 :     27     28     93 
   144 :      3     98     20 
   145 :      4     99      0 
   146 :     43     84     78 
   147 :     17     94     87 
   148 :     41     68     85 
   149 :     30     31     97 
   150 :     46     91     60 
   151 :     46     59     91 
   152 :     50     93     63 
   153 :     62     93     50 
   154 :     53     76     96 
   155 :     10     74     96 
   156 :      0     99     33 
   157 :      3     21     98 
   158 :     53     96     74 
   159 :     36     73     84 
   160 :     36     88     73 
   161 :     14    100     83 
   162 :     41     85     86 
   163 :     83    100     47 
   164 :     35     86     85 
   165 :     45     92     89 
