Number of nodes 9 
     0 :  0.0000000e+00  2.0000000e+00 
     1 :  1.0000000e+00  2.0000000e+00 
     2 :  2.0000000e+00  2.0000000e+00 
     3 :  0.0000000e+00  1.0000000e+00 
     4 :  1.0000000e+00  1.0000000e+00 
     5 :  2.0000000e+00  1.0000000e+00 
     6 :  0.0000000e+00  0.0000000e+00 
     7 :  1.0000000e+00  0.0000000e+00 
     8 :  2.0000000e+00  0.0000000e+00 
Number of triangles 8 
     0 :      3      1      0 
     1 :      3      4      1 
     2 :      6      4      3 
     3 :      6      7      4 
     4 :      7      5      4 
     5 :      4      5      2 
     6 :      4      2      1 
     7 :      7      8      5 
