Number of nodes 53 
     0 :  1.0000000e+00  1.0000000e+00 
     1 :  1.0000000e+00 -1.0000000e+00 
     2 : -1.0000000e+00 -1.0000000e+00 
     3 : -1.0000000e+00  1.0000000e+00 
     4 :  1.0000000e+00  6.6666667e-01 
     5 :  1.0000000e+00  3.3333333e-01 
     6 :  1.0000000e+00  2.7510216e-12 
     7 :  1.0000000e+00 -3.3333333e-01 
     8 :  1.0000000e+00 -6.6666667e-01 
     9 :  6.6666667e-01 -1.0000000e+00 
    10 :  3.3333333e-01 -1.0000000e+00 
    11 :  2.7510216e-12 -1.0000000e+00 
    12 : -3.3333333e-01 -1.0000000e+00 
    13 : -6.6666667e-01 -1.0000000e+00 
    14 : -1.0000000e+00 -6.6666667e-01 
    15 : -1.0000000e+00 -3.3333333e-01 
    16 : -1.0000000e+00 -2.7510216e-12 
    17 : -1.0000000e+00  3.3333333e-01 
    18 : -1.0000000e+00  6.6666667e-01 
    19 : -6.6666667e-01  1.0000000e+00 
    20 : -3.3333333e-01  1.0000000e+00 
    21 : -2.7510216e-12  1.0000000e+00 
    22 :  3.3333333e-01  1.0000000e+00 
    23 :  6.6666667e-01  1.0000000e+00 
    24 : -2.1895150e-02  5.1585322e-03 
    25 :  3.2641708e-01  3.5529622e-01 
    26 : -3.6645590e-01  3.4155723e-01 
    27 : -3.5381281e-01 -3.6535583e-01 
    28 :  3.4085483e-01 -3.4357432e-01 
    29 : -2.7260777e-02  3.0178266e-01 
    30 : -3.0920728e-01 -1.4148523e-02 
    31 :  2.7548677e-01  1.4923227e-02 
    32 : -8.6841401e-03 -2.9533092e-01 
    33 :  6.1243459e-01 -6.1089103e-01 
    34 : -6.1091718e-01 -6.1906340e-01 
    35 :  6.0141149e-01  6.1587531e-01 
    36 : -6.1761945e-01  6.0706552e-01 
    37 :  1.4535549e-01 -1.5288869e-01 
    38 :  1.3623668e-01  1.7257128e-01 
    39 : -1.5842649e-02  5.9183178e-01 
    40 : -5.9893383e-01 -1.3505456e-02 
    41 :  5.8364391e-01  8.2355182e-03 
    42 : -1.7839186e-03 -6.0354548e-01 
    43 : -1.7794239e-01 -1.7597207e-01 
    44 : -1.7981368e-01  1.5794572e-01 
    45 : -3.2617488e-01 -7.6507398e-01 
    46 :  7.5197032e-01 -3.2228241e-01 
    47 : -7.6431914e-01  3.1577248e-01 
    48 :  3.1321077e-01  7.6059146e-01 
    49 :  7.4552001e-01  3.2812552e-01 
    50 :  3.2376127e-01 -7.5468180e-01 
    51 : -3.3809914e-01  7.5654042e-01 
    52 : -7.5428805e-01 -3.3306706e-01 
Number of quads 40 
     0 :     38     25     41     31 
     1 :     43     32     42     27 
     2 :     32     37     28     42 
     3 :     29     39     25     38 
     4 :     30     40     26     44 
     5 :     24     43     30     44 
     6 :     26     39     29     44 
     7 :     25     35     49     41 
     8 :     27     34     52     40 
     9 :     28     33     50     42 
    10 :     26     36     51     39 
    11 :     27     42     45     34 
    12 :     26     40     47     36 
    13 :     28     41     46     33 
    14 :     25     39     48     35 
    15 :     32     43     24     37 
    16 :     24     38     31     37 
    17 :     35      4      5     49 
    18 :     36     19     20     51 
    19 :     33      9     10     50 
    20 :     34     14     15     52 
    21 :     36     47     17     18 
    22 :     34     45     12     13 
    23 :     33     46      7      8 
    24 :     35     48     22     23 
    25 :     41     28     37     31 
    26 :     24     44     29     38 
    27 :      6     41     49      5 
    28 :     11     42     50     10 
    29 :     21     39     51     20 
    30 :     16     40     52     15 
    31 :      6      7     46     41 
    32 :     16     17     47     40 
    33 :     11     12     45     42 
    34 :     21     22     48     39 
    35 :     40     30     43     27 
    36 :     36     18      3     19 
    37 :     33      8      1      9 
    38 :     34     13      2     14 
    39 :     35     23      0      4 
