Number of nodes 346 
     0 :  1.0000000e+00  1.0000000e+00 
     1 :  1.0000000e+00 -1.0000000e+00 
     2 : -1.0000000e+00 -1.0000000e+00 
     3 : -1.0000000e+00  1.0000000e+00 
     4 :  1.0000000e+00  8.7500000e-01 
     5 :  1.0000000e+00  7.5000000e-01 
     6 :  1.0000000e+00  6.2500000e-01 
     7 :  1.0000000e+00  5.0000000e-01 
     8 :  1.0000000e+00  3.7500000e-01 
     9 :  1.0000000e+00  2.5000000e-01 
    10 :  1.0000000e+00  1.2500000e-01 
    11 :  1.0000000e+00  2.7546854e-12 
    12 :  1.0000000e+00 -1.2500000e-01 
    13 :  1.0000000e+00 -2.5000000e-01 
    14 :  1.0000000e+00 -3.7500000e-01 
    15 :  1.0000000e+00 -5.0000000e-01 
    16 :  1.0000000e+00 -6.2500000e-01 
    17 :  1.0000000e+00 -7.5000000e-01 
    18 :  1.0000000e+00 -8.7500000e-01 
    19 :  8.7500000e-01 -1.0000000e+00 
    20 :  7.5000000e-01 -1.0000000e+00 
    21 :  6.2500000e-01 -1.0000000e+00 
    22 :  5.0000000e-01 -1.0000000e+00 
    23 :  3.7500000e-01 -1.0000000e+00 
    24 :  2.5000000e-01 -1.0000000e+00 
    25 :  1.2500000e-01 -1.0000000e+00 
    26 :  2.7546854e-12 -1.0000000e+00 
    27 : -1.2500000e-01 -1.0000000e+00 
    28 : -2.5000000e-01 -1.0000000e+00 
    29 : -3.7500000e-01 -1.0000000e+00 
    30 : -5.0000000e-01 -1.0000000e+00 
    31 : -6.2500000e-01 -1.0000000e+00 
    32 : -7.5000000e-01 -1.0000000e+00 
    33 : -8.7500000e-01 -1.0000000e+00 
    34 : -1.0000000e+00 -8.7500000e-01 
    35 : -1.0000000e+00 -7.5000000e-01 
    36 : -1.0000000e+00 -6.2500000e-01 
    37 : -1.0000000e+00 -5.0000000e-01 
    38 : -1.0000000e+00 -3.7500000e-01 
    39 : -1.0000000e+00 -2.5000000e-01 
    40 : -1.0000000e+00 -1.2500000e-01 
    41 : -1.0000000e+00 -2.7546854e-12 
    42 : -1.0000000e+00  1.2500000e-01 
    43 : -1.0000000e+00  2.5000000e-01 
    44 : -1.0000000e+00  3.7500000e-01 
    45 : -1.0000000e+00  5.0000000e-01 
    46 : -1.0000000e+00  6.2500000e-01 
    47 : -1.0000000e+00  7.5000000e-01 
    48 : -1.0000000e+00  8.7500000e-01 
    49 : -8.7500000e-01  1.0000000e+00 
    50 : -7.5000000e-01  1.0000000e+00 
    51 : -6.2500000e-01  1.0000000e+00 
    52 : -5.0000000e-01  1.0000000e+00 
    53 : -3.7500000e-01  1.0000000e+00 
    54 : -2.5000000e-01  1.0000000e+00 
    55 : -1.2500000e-01  1.0000000e+00 
    56 : -2.7546854e-12  1.0000000e+00 
    57 :  1.2500000e-01  1.0000000e+00 
    58 :  2.5000000e-01  1.0000000e+00 
    59 :  3.7500000e-01  1.0000000e+00 
    60 :  5.0000000e-01  1.0000000e+00 
    61 :  6.2500000e-01  1.0000000e+00 
    62 :  7.5000000e-01  1.0000000e+00 
    63 :  8.7500000e-01  1.0000000e+00 
    64 : -6.0186127e-03  3.2345029e-03 
    65 : -4.2818257e-01  4.0888485e-01 
    66 : -3.9838041e-01 -4.2567981e-01 
    67 :  3.8989344e-01  4.2719119e-01 
    68 :  4.1663922e-01 -4.3557293e-01 
    69 :  5.5964429e-01  2.8610740e-02 
    70 : -2.5265811e-03 -5.2986570e-01 
    71 :  2.1939977e-02  5.7911008e-01 
    72 : -5.1786137e-01  1.3154015e-03 
    73 : -6.5096420e-01  6.6585229e-01 
    74 :  6.6000317e-01 -6.8665438e-01 
    75 : -6.7202266e-01 -6.5721017e-01 
    76 :  6.7225518e-01  6.5656606e-01 
    77 : -2.9686757e-01 -1.1322155e-01 
    78 :  2.7452614e-01 -1.2850491e-01 
    79 : -2.9786794e-01  7.0335725e-01 
    80 :  6.7322143e-01  2.8775677e-01 
    81 : -7.0212091e-01 -2.9619423e-01 
    82 :  2.8443727e-01 -6.6525832e-01 
    83 :  6.8971546e-01 -2.8612390e-01 
    84 :  2.7350343e-01  7.2202132e-01 
    85 : -2.6953852e-01 -7.2400032e-01 
    86 : -7.2230897e-01  3.2178907e-01 
    87 :  2.4564581e-01  1.7007685e-01 
    88 :  2.9131377e-02 -2.6576674e-01 
    89 : -2.9207598e-01  1.2049279e-01 
    90 :  1.6709689e-01  3.6339385e-01 
    91 : -1.9956777e-01 -3.5934971e-01 
    92 :  7.8654628e-02 -7.4997345e-01 
    93 :  7.9031228e-01  7.4211216e-02 
    94 : -7.5660017e-01 -1.6585768e-02 
    95 : -7.5080947e-02  7.6210815e-01 
    96 :  2.1121943e-01 -4.5923282e-01 
    97 :  4.5079447e-01  2.2186710e-01 
    98 :  4.6903831e-01 -7.8887533e-01 
    99 : -4.5298665e-01  7.6948778e-01 
   100 :  7.5943908e-01  4.4509864e-01 
   101 : -7.6783598e-01 -4.5093195e-01 
   102 :  4.6656049e-01  8.0822539e-01 
   103 : -7.8051244e-01  4.5738876e-01 
   104 :  8.0705991e-01 -4.6638444e-01 
   105 : -4.6458202e-01 -8.0857097e-01 
   106 : -2.2771856e-01  4.6332209e-01 
   107 : -4.7067269e-01 -2.2779278e-01 
   108 :  4.8738133e-01 -2.0610798e-01 
   109 :  8.6502354e-02  2.1961260e-01 
   110 : -4.9248390e-01  2.5857989e-01 
   111 :  1.5510669e-01  7.7385383e-01 
   112 : -1.4705592e-01 -7.8955715e-01 
   113 : -8.2053383e-01  1.2836724e-01 
   114 :  8.1862049e-01 -1.2103328e-01 
   115 :  4.5166522e-01 -5.6436066e-01 
   116 : -6.0007629e-01  4.5798928e-01 
   117 :  3.8233628e-01  4.1324310e-02 
   118 : -7.0449718e-02 -1.6390211e-01 
   119 :  2.0399893e-01  5.9386153e-03 
   120 :  2.1750031e-02  3.8677651e-01 
   121 : -3.1360528e-01  3.0866937e-01 
   122 :  1.4885513e-01  5.8096545e-01 
   123 : -1.0882265e-01 -5.6484772e-01 
   124 :  3.0858089e-01 -2.9477168e-01 
   125 : -6.3799905e-01  8.3984814e-01 
   126 : -8.4054423e-01 -6.3614448e-01 
   127 :  8.3932619e-01  6.3499946e-01 
   128 :  8.7380950e-01 -5.9162790e-01 
   129 : -5.8281064e-01 -8.7380893e-01 
   130 : -8.8353894e-01  6.0365835e-01 
   131 :  5.8223572e-01  8.7450901e-01 
   132 : -3.2888693e-01 -3.0584061e-01 
   133 : -2.6451707e-01  8.2686401e-01 
   134 : -8.2598097e-01 -2.6060124e-01 
   135 :  2.4939941e-01 -8.0608014e-01 
   136 :  7.8799642e-01  1.9885069e-01 
   137 : -8.6835942e-01  3.2925652e-01 
   138 : -3.8192735e-01  1.8199917e-02 
   139 :  4.4462336e-02 -1.3096350e-01 
   140 :  1.4236369e-01 -6.0430527e-01 
   141 :  3.3355375e-01 -5.3448201e-01 
   142 :  6.7332353e-01 -1.0567658e-01 
   143 : -6.6356927e-01  1.3445769e-01 
   144 :  5.6746400e-01  1.4167110e-01 
   145 : -6.1991368e-01 -1.3734439e-01 
   146 : -1.4140808e-01  6.2838250e-01 
   147 :  3.1294161e-01  2.9479104e-01 
   148 :  5.3528308e-01  3.5930047e-01 
   149 : -1.0219326e-01  1.3273149e-01 
   150 : -3.5877891e-01 -5.2717207e-01 
   151 : -4.2809333e-02 -4.1830904e-01 
   152 :  3.5426740e-01  5.2947353e-01 
   153 : -5.4998072e-01 -3.6165566e-01 
   154 : -3.6070785e-01  5.5040296e-01 
   155 :  3.8815613e-01 -8.1076306e-01 
   156 : -3.6934509e-01  8.9878786e-01 
   157 : -8.9896727e-01 -3.6808480e-01 
   158 :  8.9129934e-01  3.5462819e-01 
   159 :  1.0669418e-01  6.4343677e-01 
   160 : -7.2086654e-02 -6.7012862e-01 
   161 : -4.3583151e-01  1.1356638e-01 
   162 :  1.4122769e-01 -2.0908119e-01 
   163 :  5.5606557e-01 -3.4474709e-01 
   164 : -1.0099620e-01 -2.8413629e-01 
   165 : -2.1436981e-01  2.2172467e-01 
   166 :  2.0587545e-01  2.6262459e-01 
   167 :  4.2120395e-01 -6.8164356e-02 
   168 : -1.0743642e-02 -8.8650309e-01 
   169 : -8.0980570e-03  8.5066231e-01 
   170 :  8.9899870e-01 -1.4238872e-02 
   171 : -8.8168430e-01  1.7928461e-02 
   172 : -6.4129364e-01 -1.2343789e-02 
   173 :  6.7672756e-01  4.1221716e-02 
   174 : -2.3750975e-01 -2.0159591e-01 
   175 :  4.2415843e-01 -7.0502615e-01 
   176 : -6.6100368e-01 -4.0584478e-01 
   177 : -4.0501057e-01  6.6346078e-01 
   178 :  6.4976505e-01  4.0116311e-01 
   179 : -5.2017357e-01 -7.0963583e-01 
   180 :  5.2162753e-01  7.0883626e-01 
   181 :  7.0673982e-01 -5.2762307e-01 
   182 : -6.5391147e-01  5.0624098e-01 
   183 : -1.4709222e-01  3.3248314e-01 
   184 : -5.1753300e-01  3.8299539e-01 
   185 :  9.0222793e-01 -4.1003928e-01 
   186 : -4.1042354e-01 -9.0374561e-01 
   187 :  4.1156775e-01  9.0342160e-01 
   188 :  1.1901401e-01  4.8559705e-01 
   189 : -3.3242332e-01  4.3710057e-01 
   190 :  4.4478975e-01 -3.2391074e-01 
   191 :  1.1877579e-01  4.8463446e-02 
   192 :  6.7578896e-02 -3.7873849e-01 
   193 : -8.8111797e-01 -4.8705134e-01 
   194 :  4.9191151e-01 -8.8657184e-01 
   195 :  8.7857522e-01  4.8393400e-01 
   196 : -4.8721400e-01  8.7972267e-01 
   197 :  3.6817873e-01  1.0564669e-01 
   198 :  4.6386188e-01  1.2297930e-01 
   199 :  2.7750727e-01  8.6645171e-01 
   200 : -2.7605437e-01 -8.6895728e-01 
   201 : -9.0748278e-01  1.9674921e-01 
   202 :  8.6405994e-01 -2.6903183e-01 
   203 :  1.8759481e-01 -7.0929151e-01 
   204 :  3.6487878e-02 -6.3932018e-01 
   205 : -5.0410876e-01  6.2134784e-01 
   206 :  5.1268801e-01 -6.4867439e-01 
   207 : -6.1930459e-01 -5.0915482e-01 
   208 :  6.1620899e-01  5.0819784e-01 
   209 :  9.1181407e-01  9.0333762e-01 
   210 :  8.8147665e-01 -8.7320771e-01 
   211 : -9.0370413e-01  9.1174135e-01 
   212 : -9.1374057e-01 -9.0357512e-01 
   213 : -2.9434722e-01 -3.9804366e-01 
   214 : -4.3658282e-01 -3.2922556e-01 
   215 : -1.4399135e-01  8.8645263e-01 
   216 : -8.9023750e-01 -1.3401896e-01 
   217 :  1.4099129e-01 -8.7514905e-01 
   218 :  8.9708964e-01  1.0460380e-01 
   219 :  4.1741987e-01  6.6552585e-01 
   220 : -6.9154478e-01  4.1843584e-01 
   221 : -4.1598615e-01 -6.6683247e-01 
   222 :  6.6084541e-01 -4.2613939e-01 
   223 :  6.8100905e-01  1.6678443e-01 
   224 : -2.6200078e-01 -4.5096185e-02 
   225 :  4.2436158e-01  3.2346352e-01 
   226 : -3.8188848e-01 -1.1036301e-01 
   227 : -4.9839457e-01 -1.1693776e-01 
   228 :  3.1625927e-01 -4.3314683e-01 
   229 :  1.0510424e-01 -4.9561052e-01 
   230 : -3.6911082e-02  6.8223668e-01 
   231 :  9.2754427e-01 -4.9732354e-01 
   232 : -4.9675244e-01 -9.2759535e-01 
   233 : -8.8432554e-01  4.7909103e-01 
   234 :  4.9698617e-01  9.2817943e-01 
   235 :  6.4073944e-01 -8.5471458e-01 
   236 :  6.9343960e-01  8.7508491e-01 
   237 : -8.7944260e-01  6.9313269e-01 
   238 : -6.9322150e-01 -8.7637719e-01 
   239 :  8.8092644e-01 -7.4474162e-01 
   240 : -4.3130021e-02  2.7410457e-01 
   241 :  5.3263555e-01 -9.0141585e-02 
   242 :  5.9813909e-01 -2.3943009e-01 
   243 :  2.7710969e-01  3.9672996e-01 
   244 : -3.8628879e-01  1.8785554e-01 
   245 : -9.1268367e-02  4.7961329e-01 
   246 : -1.8195560e-01  7.6388522e-01 
   247 : -7.6191521e-01 -1.7008167e-01 
   248 :  4.6252371e-01  5.6474788e-01 
   249 : -5.4224107e-01  4.8171512e-01 
   250 : -4.6435684e-01 -5.6480622e-01 
   251 :  5.3713203e-01 -4.7203834e-01 
   252 : -5.8853502e-01 -2.5452481e-01 
   253 : -2.5294125e-01  5.8690361e-01 
   254 :  3.1378936e-01 -1.4195704e-02 
   255 : -1.1704221e-01 -2.5251213e-02 
   256 :  6.9621254e-01 -7.6107952e-01 
   257 :  7.4435956e-01  6.9921896e-01 
   258 : -7.4602595e-01 -7.0020284e-01 
   259 : -6.9980838e-01  7.3797887e-01 
   260 :  2.3282048e-01  7.8529673e-01 
   261 : -2.2839384e-01 -7.9099303e-01 
   262 :  7.6319963e-01 -1.9298229e-01 
   263 : -7.6910396e-01  2.2563297e-01 
   264 : -6.2286722e-01  2.7745849e-01 
   265 :  3.7513017e-01 -1.7103350e-01 
   266 : -1.5033026e-01 -4.5787125e-01 
   267 : -4.1136919e-01  3.2757263e-01 
   268 : -5.8954819e-01  5.7152271e-01 
   269 : -5.7005166e-01 -6.0956553e-01 
   270 :  6.0581249e-01 -5.8603517e-01 
   271 :  5.7212262e-01  6.0727884e-01 
   272 :  9.1194871e-02  3.2946314e-01 
   273 :  5.1345375e-03 -1.9063565e-01 
   274 :  1.8019519e-01 -3.4180086e-01 
   275 : -1.6642819e-01 -1.0916776e-01 
   276 : -2.2275900e-01  3.7089853e-01 
   277 :  5.7271149e-02  7.3684196e-01 
   278 : -3.6781929e-02 -7.7588497e-01 
   279 :  1.6775331e-01  1.2376492e-01 
   280 :  1.7763845e-01 -8.9385642e-02 
   281 :  3.4813596e-01 -8.8927261e-01 
   282 : -1.7534438e-01 -6.9381737e-01 
   283 :  5.5929680e-01  2.5155340e-01 
   284 :  1.8795220e-01  6.8665735e-01 
   285 : -6.0606764e-01  3.8493033e-01 
   286 :  4.5476778e-01  2.9595416e-02 
   287 : -3.1542172e-01 -6.2824872e-01 
   288 :  3.1717820e-01  6.2810271e-01 
   289 :  2.8161851e-01  8.5702081e-02 
   290 :  6.3405582e-01 -3.5446805e-01 
   291 : -2.5405050e-01 -4.9449457e-01 
   292 :  7.9950674e-01 -4.2268836e-02 
   293 : -7.5302427e-01  7.9035912e-02 
   294 :  7.5163173e-01 -6.3891449e-01 
   295 : -6.2371700e-01 -7.5370269e-01 
   296 :  6.2449546e-01  7.5255442e-01 
   297 : -7.5186138e-01  5.9187504e-01 
   298 : -5.2541444e-01  1.2021122e-01 
   299 :  1.3360677e-01  8.7897212e-01 
   300 : -1.3517812e-01 -8.8879580e-01 
   301 :  8.9483455e-01 -1.2618166e-01 
   302 : -9.3295929e-01  1.1684920e-01 
   303 : -3.4378465e-01  8.0253058e-01 
   304 :  3.3886663e-01 -7.5078139e-01 
   305 : -8.0156750e-01 -3.4124195e-01 
   306 :  7.8293910e-01  3.2530488e-01 
   307 :  4.0134059e-01 -5.1161916e-01 
   308 :  8.3311239e-02 -4.3278966e-02 
   309 :  2.4322506e-01 -5.6627373e-01 
   310 :  8.9559941e-01  2.2825203e-01 
   311 : -8.9999954e-01 -2.5394943e-01 
   312 : -2.5732064e-01  8.9974616e-01 
   313 : -1.9984657e-01  4.4045928e-02 
   314 :  2.4670573e-01  5.0130815e-01 
   315 : -7.4236609e-02  3.1604091e-02 
   316 : -3.7169026e-02 -7.9212637e-02 
   317 : -2.1321921e-01 -5.9529095e-01 
   318 :  3.6324317e-01  7.6293816e-01 
   319 : -3.6233499e-01 -7.6413589e-01 
   320 :  7.5648914e-01 -3.6283416e-01 
   321 : -7.8871093e-01  3.7005581e-01 
   322 :  2.2095816e-01  5.9766307e-01 
   323 :  2.5479948e-02  9.9928336e-02 
   324 :  2.4615875e-01 -9.2753322e-01 
   325 :  3.4524521e-01  1.9678902e-01 
   326 :  5.6737606e-01 -7.4246905e-01 
   327 : -5.5749536e-01  7.2215276e-01 
   328 : -7.2381616e-01 -5.6050218e-01 
   329 :  7.2144790e-01  5.5857079e-01 
   330 : -3.5970702e-01 -2.1203424e-01 
   331 : -4.5819699e-01  5.1572994e-01 
   332 : -5.0973124e-01 -4.6242679e-01 
   333 :  5.0467651e-01  4.6236100e-01 
   334 :  2.4330234e-01 -2.0938703e-01 
   335 :  7.6754924e-01 -8.7238708e-01 
   336 : -8.5370769e-01 -8.1586478e-01 
   337 :  8.5293086e-01  8.1542455e-01 
   338 : -8.1706145e-01  8.5242630e-01 
   339 : -2.5206253e-01 -2.9279723e-01 
   340 :  7.2583709e-01  7.8710126e-01 
   341 :  7.7313457e-01 -7.5243968e-01 
   342 : -7.2716513e-01 -7.8786684e-01 
   343 : -7.9024968e-01  7.2204303e-01 
   344 :  3.7250791e-01 -6.2063400e-01 
   345 :  2.1702384e-01  7.1246666e-02 
Number of quads 313 
     0 :    165    121    276    183 
     1 :    165     89    244    121 
     2 :    245     71    188    120 
     3 :    227    107    252    145 
     4 :    159    122    188     71 
     5 :    326    235    194     98 
     6 :    328    126    193    101 
     7 :    329    127    195    100 
     8 :    327    125    196     99 
     9 :    233    130    297    103 
    10 :    262    142    292    114 
    11 :    263    143    293    113 
    12 :    162    274    192     88 
    13 :     58     59    187    199 
    14 :     28     29    186    200 
    15 :     13     14    185    202 
    16 :    203     82    304    135 
    17 :     19    210     18      1 
    18 :      4    209     63      0 
    19 :     49    211     48      3 
    20 :     34    212     33      2 
    21 :    172     72    227    145 
    22 :    318     84    260    199 
    23 :    319     85    261    200 
    24 :    320     83    262    202 
    25 :    321     86    263    137 
    26 :    213     66    214    132 
    27 :    306    136    223     80 
    28 :    162     88    273    139 
    29 :     44    137    201     43 
    30 :    203    135    217     92 
    31 :    305    134    247     81 
    32 :    303    133    246     79 
    33 :     90    272    120    188 
    34 :    240    149    165    183 
    35 :    124    190     68    228 
    36 :     77    226    138    224 
    37 :    168    217     25     26 
    38 :    169    215     55     56 
    39 :    171    216     40     41 
    40 :    170    218     10     11 
    41 :    146    245    106    253 
    42 :    309     96    228    141 
    43 :    172    143    298     72 
    44 :    121    267     65    189 
    45 :    204     70    229    140 
    46 :    309    140    229     96 
    47 :    198     97    283    144 
    48 :    263     86    264    143 
    49 :    173    142    241     69 
    50 :    262     83    242    142 
    51 :    225    148    283     97 
    52 :    130     46     47    237 
    53 :    128     16     17    239 
    54 :    129     31     32    238 
    55 :    131     61     62    236 
    56 :    125    338     50     51 
    57 :    126    336     35     36 
    58 :    127    337      5      6 
    59 :    178     80    283    148 
    60 :    245    120    240    183 
    61 :    178    148    333    208 
    62 :    245    146    230     71 
    63 :     68    307    141    228 
    64 :    172    145    247     94 
    65 :    230    146    246     95 
    66 :    247    145    252     81 
    67 :    246    146    253     79 
    68 :    123    266    151     70 
    69 :    243     67    225    147 
    70 :    313    149    315    255 
    71 :    166     90    243    147 
    72 :    166    147    325     87 
    73 :    123     70    204    160 
    74 :    154    189     65    331 
    75 :    110    264    285    184 
    76 :    164     88    192    151 
    77 :    126     36     37    193 
    78 :    127      6      7    195 
    79 :    125     51     52    196 
    80 :    235     21     22    194 
    81 :    240    109    323    149 
    82 :     70    151    192    229 
    83 :    250    150    287    221 
    84 :    248    152    288    219 
    85 :    138    161    244     89 
    86 :    118    273     88    164 
    87 :     80    223    144    283 
    88 :    164    151    266     91 
    89 :    195    158    306    100 
    90 :    196    156    303     99 
    91 :    193    157    305    101 
    92 :    176     81    252    153 
    93 :    177     79    253    154 
    94 :    214    153    252    107 
    95 :    189    154    253    106 
    96 :    176    153    332    207 
    97 :    177    154    331    205 
    98 :    250    221    179    269 
    99 :    251    222    181    270 
   100 :    248    219    180    271 
   101 :    249    116    182    268 
   102 :    138     72    298    161 
   103 :    206    175    344    115 
   104 :    171     41     42    302 
   105 :    170     11     12    301 
   106 :    169     56     57    299 
   107 :    168     26     27    300 
   108 :    155     98    194    281 
   109 :    138     89    313    224 
   110 :    251     68    190    163 
   111 :    242    163    190    108 
   112 :    177    205    327     99 
   113 :    175    206    326     98 
   114 :    176    207    328    101 
   115 :    178    208    329    100 
   116 :    304    155    281    135 
   117 :    303    156    312    133 
   118 :    305    157    311    134 
   119 :    306    158    310    136 
   120 :    129    105    186    232 
   121 :    131    102    187    234 
   122 :    128    104    185    231 
   123 :    162    280     78    334 
   124 :    294    341    256     74 
   125 :    295    342    258     75 
   126 :    297    343    259     73 
   127 :    296    340    257     76 
   128 :    247    216    171     94 
   129 :    246    215    169     95 
   130 :    127    257    340    337 
   131 :    125    259    343    338 
   132 :    126    258    342    336 
   133 :    148    225     67    333 
   134 :    153    214     66    332 
   135 :    129    295    179    105 
   136 :    131    296    180    102 
   137 :    220    103    297    182 
   138 :    128    294    181    104 
   139 :    155    304    175     98 
   140 :    284    159    277    111 
   141 :    282    160    278    112 
   142 :    128    231     15     16 
   143 :    129    232     30     31 
   144 :    131    234     60     61 
   145 :    130    233     45     46 
   146 :     82    203    140    309 
   147 :    241    108    265    167 
   148 :    164    174    275    118 
   149 :    160    204     92    278 
   150 :     90    166    109    272 
   151 :    157     38     39    311 
   152 :    158      8      9    310 
   153 :    156     53     54    312 
   154 :    244    161    298    110 
   155 :    124    228     96    274 
   156 :    174     77    224    275 
   157 :    274    162    334    124 
   158 :    108    241    142    242 
   159 :     92    204    140    203 
   160 :    239    210    335    341 
   161 :    124    265    108    190 
   162 :    254    167    265     78 
   163 :    111    260     84    284 
   164 :    256    341    335    235 
   165 :    251    163    290    222 
   166 :    217    168    278     92 
   167 :    112    261     85    282 
   168 :     91    339    174    164 
   169 :    109    166     87    279 
   170 :     28    200    300     27 
   171 :     58    199    299     57 
   172 :     43    201    302     42 
   173 :     13    202    301     12 
   174 :    254    119    345    289 
   175 :     29     30    232    186 
   176 :     44     45    233    137 
   177 :     14     15    231    185 
   178 :     59     60    234    187 
   179 :    276    106    245    183 
   180 :    254    117    286    167 
   181 :    149    313     89    165 
   182 :    106    276    121    189 
   183 :     72    138    226    227 
   184 :    330    107    227    226 
   185 :    107    330    132    214 
   186 :    188    122    322    314 
   187 :    229    192    274     96 
   188 :    163    242     83    290 
   189 :    157    193     37     38 
   190 :    156    196     52     53 
   191 :    158    195      7      8 
   192 :    113    201    137    263 
   193 :    277    169    299    111 
   194 :    278    168    300    112 
   195 :    218    170    292     93 
   196 :    110    184     65    267 
   197 :    301    114    292    170 
   198 :     94    171    113    293 
   199 :    198    197    325     97 
   200 :    202    185    104    320 
   201 :    200    186    105    319 
   202 :    199    187    102    318 
   203 :    233    103    321    137 
   204 :    251    270    206    115 
   205 :    167    286     69    241 
   206 :    132    339     91    213 
   207 :    323    109    279    191 
   208 :    119    254     78    280 
   209 :    275    224    313    255 
   210 :    143    172     94    293 
   211 :    142    173     93    292 
   212 :    115    344    141    307 
   213 :    249    184    285    116 
   214 :    121    244    110    267 
   215 :    197    198    286    117 
   216 :    144     69    286    198 
   217 :    268    182    297     73 
   218 :    269    179    295     75 
   219 :    270    181    294     74 
   220 :    271    180    296     76 
   221 :     99    303     79    177 
   222 :    101    305     81    176 
   223 :    100    306     80    178 
   224 :    325    197    289     87 
   225 :     23    281    194     22 
   226 :    169    277    230     95 
   227 :     71    230    277    159 
   228 :    109    240    120    272 
   229 :    330    174    339    132 
   230 :     66    213    291    150 
   231 :    304     82    344    175 
   232 :     67    243    314    152 
   233 :    261    112    300    200 
   234 :    262    114    301    202 
   235 :    260    111    299    199 
   236 :    171    302    201    113 
   237 :    182    116    285    220 
   238 :    264     86    220    285 
   239 :    319    221    287     85 
   240 :    318    219    288     84 
   241 :    320    222    290     83 
   242 :    162    139    308    280 
   243 :    191    119    280    308 
   244 :    268    205    331    249 
   245 :    269    207    332    250 
   246 :    271    208    333    248 
   247 :    308     64    323    191 
   248 :    119    191    279    345 
   249 :    213     91    266    291 
   250 :    317    291    266    123 
   251 :    139    316     64    308 
   252 :    124    334     78    265 
   253 :    269     75    328    207 
   254 :    271     76    329    208 
   255 :    270     74    326    206 
   256 :    268     73    327    205 
   257 :    136     93    173    223 
   258 :     69    144    223    173 
   259 :     39     40    216    311 
   260 :     54     55    215    312 
   261 :     24     25    217    324 
   262 :      9     10    218    310 
   263 :    197    117    254    289 
   264 :    275    255    316    118 
   265 :    296    131    236    340 
   266 :    295    129    238    342 
   267 :    294    128    239    341 
   268 :    297    130    237    343 
   269 :    180    219    318    102 
   270 :    179    221    319    105 
   271 :    181    222    320    104 
   272 :     86    321    103    220 
   273 :    246    133    312    215 
   274 :     93    136    310    218 
   275 :    247    134    311    216 
   276 :      5    337    209      4 
   277 :     50    338    211     49 
   278 :     20    335    210     19 
   279 :     35    336    212     34 
   280 :     17     18    210    239 
   281 :     47     48    211    338 
   282 :     62     63    209    337 
   283 :     32     33    212    336 
   284 :    139    273    118    316 
   285 :     68    251    115    307 
   286 :     97    325    147    225 
   287 :    174    330    226     77 
   288 :    188    314    243     90 
   289 :    110    298    143    264 
   290 :     21    235    335     20 
   291 :    340    236     62    337 
   292 :    343    237     47    338 
   293 :    342    238     32    336 
   294 :    184    249    331     65 
   295 :    150    250    332     66 
   296 :    315     64    316    255 
   297 :    152    248    333     67 
   298 :     73    259    125    327 
   299 :     76    257    127    329 
   300 :     74    256    235    326 
   301 :     75    258    126    328 
   302 :    291    317    287    150 
   303 :    314    322    288    152 
   304 :    160    282    317    123 
   305 :    159    284    322    122 
   306 :    284     84    288    322 
   307 :    282     85    287    317 
   308 :    217    135    281    324 
   309 :    279     87    289    345 
   310 :     23     24    324    281 
   311 :     64    315    149    323 
   312 :     82    309    141    344 
