Number of nodes 12 
     0 :  0.0000000e+00  2.0000000e+00 
     1 :  1.0000000e+00  2.0000000e+00 
     2 :  0.0000000e+00  1.0000000e+00 
     3 :  1.0000000e+00  1.0000000e+00 
     4 :  0.0000000e+00  0.0000000e+00 
     5 :  1.0000000e+00  0.0000000e+00 
     6 :  2.0000000e+00  1.0000000e+00 
     7 :  2.0000000e+00  0.0000000e+00 
     8 :  3.0000000e+00  0.0000000e+00 
     9 :  3.0000000e+00  1.0000000e+00 
    10 :  2.0000000e+00  2.0000000e+00 
    11 :  3.0000000e+00  2.0000000e+00 
Number of triangles 10 
     0 :      0      2      1 
     1 :      2      3      1 
     2 :      4      3      2 
     3 :      5      7      6 
     4 :      7      9      6 
     5 :      7      8      9 
     6 :      6     11     10 
     7 :      9     11      6 
     8 :      4      5      3 
     9 :      5      6      3 
