Number of nodes 96 
     0 :  1.0000000e+00  1.0000000e+00 
     1 :  1.0000000e+00 -1.0000000e+00 
     2 : -1.0000000e+00 -1.0000000e+00 
     3 : -1.0000000e+00  1.0000000e+00 
     4 :  1.0000000e+00  7.5000000e-01 
     5 :  1.0000000e+00  5.0000000e-01 
     6 :  1.0000000e+00  2.5000000e-01 
     7 :  1.0000000e+00  2.7565727e-12 
     8 :  1.0000000e+00 -2.5000000e-01 
     9 :  1.0000000e+00 -5.0000000e-01 
    10 :  1.0000000e+00 -7.5000000e-01 
    11 :  7.5000000e-01 -1.0000000e+00 
    12 :  5.0000000e-01 -1.0000000e+00 
    13 :  2.5000000e-01 -1.0000000e+00 
    14 :  2.7565727e-12 -1.0000000e+00 
    15 : -2.5000000e-01 -1.0000000e+00 
    16 : -5.0000000e-01 -1.0000000e+00 
    17 : -7.5000000e-01 -1.0000000e+00 
    18 : -1.0000000e+00 -7.5000000e-01 
    19 : -1.0000000e+00 -5.0000000e-01 
    20 : -1.0000000e+00 -2.5000000e-01 
    21 : -1.0000000e+00 -2.7565727e-12 
    22 : -1.0000000e+00  2.5000000e-01 
    23 : -1.0000000e+00  5.0000000e-01 
    24 : -1.0000000e+00  7.5000000e-01 
    25 : -7.5000000e-01  1.0000000e+00 
    26 : -5.0000000e-01  1.0000000e+00 
    27 : -2.5000000e-01  1.0000000e+00 
    28 : -2.7565727e-12  1.0000000e+00 
    29 :  2.5000000e-01  1.0000000e+00 
    30 :  5.0000000e-01  1.0000000e+00 
    31 :  7.5000000e-01  1.0000000e+00 
    32 :  4.2451644e-03 -6.9758401e-03 
    33 :  3.4210836e-01  3.6892890e-01 
    34 :  3.5801100e-01 -3.6461847e-01 
    35 : -3.4589087e-01 -3.6561238e-01 
    36 :  5.5944035e-01  3.7065713e-02 
    37 :  3.8833781e-02 -5.7973959e-01 
    38 : -5.8993742e-02  5.6434712e-01 
    39 : -5.4691415e-01 -2.5734851e-02 
    40 :  5.5753139e-01 -6.2771281e-01 
    41 : -6.2711509e-01 -5.5865822e-01 
    42 :  6.2628328e-01  5.7102642e-01 
    43 :  2.6186506e-01 -2.0557759e-01 
    44 :  1.3575492e-01  3.0340836e-01 
    45 : -1.3720828e-01 -3.0859298e-01 
    46 : -2.1677329e-01  1.6176345e-01 
    47 :  5.8933552e-01  2.0682973e-01 
    48 :  1.9955369e-01 -5.9817902e-01 
    49 : -5.8692195e-01 -2.0097529e-01 
    50 : -2.9032397e-01  5.6167696e-01 
    51 :  2.2462087e-01  7.6973147e-01 
    52 :  7.6479110e-01 -2.2838216e-01 
    53 : -7.6083264e-01  2.4615122e-01 
    54 : -2.3034560e-01 -7.6984062e-01 
    55 : -2.8130561e-01 -8.5362025e-02 
    56 :  1.0852499e-01 -3.9968633e-01 
    57 :  2.9433586e-01  8.3509189e-02 
    58 : -1.2416731e-01  3.6152334e-01 
    59 :  1.6956168e-02 -7.8170828e-01 
    60 :  7.7511710e-01  1.8350802e-02 
    61 : -2.4421827e-02  7.7990600e-01 
    62 : -7.6631941e-01 -7.8722359e-03 
    63 : -7.4337250e-01 -2.9038314e-01 
    64 :  2.9233891e-01 -7.4765803e-01 
    65 :  7.4277980e-01  2.9265839e-01 
    66 : -2.7284196e-01  7.7584004e-01 
    67 :  7.2396884e-01 -5.0891267e-01 
    68 : -5.0815866e-01 -7.2315354e-01 
    69 :  5.0301991e-01  7.2136403e-01 
    70 : -7.6015491e-01  5.0185400e-01 
    71 :  5.3153637e-01 -1.9468882e-01 
    72 :  1.7808857e-01  5.4890439e-01 
    73 : -1.8349969e-01 -5.4978596e-01 
    74 : -4.6581876e-01  2.5865452e-01 
    75 : -2.8939951e-01  3.9987806e-01 
    76 :  4.6314431e-01  2.8702590e-01 
    77 :  2.8296729e-01 -4.8305213e-01 
    78 : -4.5807075e-01 -2.7928492e-01 
    79 :  7.6658212e-01  7.6275681e-01 
    80 : -7.7110294e-01 -7.6827860e-01 
    81 : -7.6065515e-01  7.5203681e-01 
    82 :  7.6537707e-01 -7.7018624e-01 
    83 : -5.6467017e-01 -4.3505808e-01 
    84 :  4.3461150e-01 -5.6721510e-01 
    85 :  5.5934892e-01  4.3733191e-01 
    86 : -5.1837360e-01  5.2594747e-01 
    87 :  5.0247349e-01 -3.9921988e-01 
    88 : -3.9515187e-01 -5.0916635e-01 
    89 :  3.8702238e-01  5.0991568e-01 
    90 : -3.3674744e-02  1.3712458e-01 
    91 :  3.9516706e-02 -1.5112063e-01 
    92 :  7.8124829e-01  5.4427993e-01 
    93 : -7.8579424e-01 -5.4616968e-01 
    94 : -5.2185271e-01  7.6247128e-01 
    95 :  5.4428604e-01 -7.8445546e-01 
Number of quads 79 
     0 :     32     90     46     55 
     1 :     55     45     91     32 
     2 :     32     91     43     57 
     3 :     57     44     90     32 
     4 :     44     57     76     33 
     5 :     43     56     77     34 
     6 :     45     55     78     35 
     7 :     54     68     16     15 
     8 :     52     67      9      8 
     9 :     53     70     23     22 
    10 :     51     69     30     29 
    11 :     57     43     71     36 
    12 :     58     44     72     38 
    13 :     55     46     74     39 
    14 :     56     45     73     37 
    15 :     58     75     74     46 
    16 :     61     38     72     51 
    17 :     60     36     71     52 
    18 :     59     37     73     54 
    19 :     62     39     74     53 
    20 :     50     38     61     66 
    21 :     48     37     59     64 
    22 :     47     36     60     65 
    23 :     49     39     62     63 
    24 :     54     15     14     59 
    25 :     53     22     21     62 
    26 :     51     29     28     61 
    27 :     52      8      7     60 
    28 :     11      1     10     82 
    29 :     25      3     24     81 
    30 :      4      0     31     79 
    31 :     18      2     17     80 
    32 :     48     77     56     37 
    33 :     50     75     58     38 
    34 :     49     78     55     39 
    35 :     47     76     57     36 
    36 :     44     33     89     72 
    37 :     45     35     88     73 
    38 :     43     34     87     71 
    39 :     46     90     44     58 
    40 :     43     91     45     56 
    41 :     20     63     62     21 
    42 :     27     66     61     28 
    43 :      6     65     60      7 
    44 :     13     64     59     14 
    45 :     76     47     65     85 
    46 :     78     49     63     83 
    47 :     77     48     64     84 
    48 :     68     88     83     41 
    49 :     67     87     84     40 
    50 :     69     89     85     42 
    51 :     94     86     50     66 
    52 :     95     40     84     64 
    53 :     92     42     85     65 
    54 :     93     41     83     63 
    55 :      6      5     92     65 
    56 :     27     26     94     66 
    57 :     13     12     95     64 
    58 :     20     19     93     63 
    59 :     74     86     70     53 
    60 :     71     87     67     52 
    61 :     72     89     69     51 
    62 :     73     88     68     54 
    63 :     92     79     69     42 
    64 :     95     82     67     40 
    65 :     93     80     68     41 
    66 :     94     81     70     86 
    67 :     77     84     87     34 
    68 :     78     83     88     35 
    69 :     74     75     50     86 
    70 :     76     85     89     33 
    71 :     12     11     82     95 
    72 :     19     18     80     93 
    73 :      5      4     79     92 
    74 :     26     25     81     94 
    75 :     16     68     80     17 
    76 :      9     67     82     10 
    77 :     23     70     81     24 
    78 :     30     69     79     31 
