Number of nodes 185 
     0 :  1.0000000e+00  1.0000000e+00 
     1 :  1.0000000e+00 -1.0000000e+00 
     2 : -1.0000000e+00 -1.0000000e+00 
     3 : -1.0000000e+00  1.0000000e+00 
     4 :  1.0000000e+00  8.3333333e-01 
     5 :  1.0000000e+00  6.6666667e-01 
     6 :  1.0000000e+00  5.0000000e-01 
     7 :  1.0000000e+00  3.3333333e-01 
     8 :  1.0000000e+00  1.6666667e-01 
     9 :  1.0000000e+00  2.7534641e-12 
    10 :  1.0000000e+00 -1.6666667e-01 
    11 :  1.0000000e+00 -3.3333333e-01 
    12 :  1.0000000e+00 -5.0000000e-01 
    13 :  1.0000000e+00 -6.6666667e-01 
    14 :  1.0000000e+00 -8.3333333e-01 
    15 :  8.3333333e-01 -1.0000000e+00 
    16 :  6.6666667e-01 -1.0000000e+00 
    17 :  5.0000000e-01 -1.0000000e+00 
    18 :  3.3333333e-01 -1.0000000e+00 
    19 :  1.6666667e-01 -1.0000000e+00 
    20 :  2.7534641e-12 -1.0000000e+00 
    21 : -1.6666667e-01 -1.0000000e+00 
    22 : -3.3333333e-01 -1.0000000e+00 
    23 : -5.0000000e-01 -1.0000000e+00 
    24 : -6.6666667e-01 -1.0000000e+00 
    25 : -8.3333333e-01 -1.0000000e+00 
    26 : -1.0000000e+00 -8.3333333e-01 
    27 : -1.0000000e+00 -6.6666667e-01 
    28 : -1.0000000e+00 -5.0000000e-01 
    29 : -1.0000000e+00 -3.3333333e-01 
    30 : -1.0000000e+00 -1.6666667e-01 
    31 : -1.0000000e+00 -2.7534641e-12 
    32 : -1.0000000e+00  1.6666667e-01 
    33 : -1.0000000e+00  3.3333333e-01 
    34 : -1.0000000e+00  5.0000000e-01 
    35 : -1.0000000e+00  6.6666667e-01 
    36 : -1.0000000e+00  8.3333333e-01 
    37 : -8.3333333e-01  1.0000000e+00 
    38 : -6.6666667e-01  1.0000000e+00 
    39 : -5.0000000e-01  1.0000000e+00 
    40 : -3.3333333e-01  1.0000000e+00 
    41 : -1.6666667e-01  1.0000000e+00 
    42 : -2.7534641e-12  1.0000000e+00 
    43 :  1.6666667e-01  1.0000000e+00 
    44 :  3.3333333e-01  1.0000000e+00 
    45 :  5.0000000e-01  1.0000000e+00 
    46 :  6.6666667e-01  1.0000000e+00 
    47 :  8.3333333e-01  1.0000000e+00 
    48 :  1.3394190e-04 -3.5823540e-04 
    49 :  4.3860352e-01 -1.5652198e-01 
    50 : -4.3919391e-01  1.5633018e-01 
    51 :  1.5647054e-01  4.3848760e-01 
    52 : -1.5604781e-01 -4.3859043e-01 
    53 : -8.3854025e-01  6.7032738e-01 
    54 :  6.7025834e-01  8.3854707e-01 
    55 : -6.7025575e-01 -8.3854778e-01 
    56 :  8.3854770e-01 -6.7025818e-01 
    57 :  1.0130551e-01 -6.6777769e-01 
    58 : -1.0120136e-01  6.6770657e-01 
    59 :  6.6775833e-01  1.0118161e-01 
    60 : -6.6814372e-01 -1.0109758e-01 
    61 : -3.1246920e-01 -1.2134619e-01 
    62 : -1.2116238e-01  3.1214325e-01 
    63 :  1.2101306e-01 -3.1272258e-01 
    64 :  3.1240722e-01  1.2080008e-01 
    65 :  2.3505725e-01  6.9352715e-01 
    66 : -2.3496430e-01 -6.9354146e-01 
    67 :  6.9354176e-01 -2.3505480e-01 
    68 : -6.9034034e-01  2.3626849e-01 
    69 :  1.0245005e-01  2.5774289e-01 
    70 : -1.0165662e-01 -2.5785868e-01 
    71 : -2.5762636e-01  1.0156398e-01 
    72 :  2.5799877e-01 -1.0262745e-01 
    73 :  4.4125720e-01  3.7956903e-01 
    74 : -4.4107986e-01 -3.7968729e-01 
    75 :  3.7966385e-01 -4.4129061e-01 
    76 : -3.7978551e-01  4.4121432e-01 
    77 :  8.4355049e-01 -5.0676403e-01 
    78 : -5.0675571e-01 -8.4355060e-01 
    79 : -8.4399464e-01  5.0697513e-01 
    80 :  5.0676465e-01  8.4354917e-01 
    81 : -8.5636864e-01 -3.4955097e-01 
    82 :  8.5638300e-01  3.4955385e-01 
    83 : -3.4954573e-01  8.5638400e-01 
    84 :  3.4956713e-01 -8.5638572e-01 
    85 :  6.6940424e-01  6.7076398e-01 
    86 : -6.6938833e-01 -6.7076986e-01 
    87 : -6.7081271e-01  6.6950628e-01 
    88 :  6.7076966e-01 -6.6940447e-01 
    89 :  5.0539360e-01  6.8490350e-01 
    90 : -5.0535457e-01 -6.8491301e-01 
    91 : -6.8565250e-01  5.0568499e-01 
    92 :  6.8491236e-01 -5.0539266e-01 
    93 :  3.3487978e-01  5.5657770e-01 
    94 : -3.3470605e-01 -5.5661854e-01 
    95 :  5.5661774e-01 -3.3488586e-01 
    96 : -5.5814824e-01  3.3519576e-01 
    97 :  5.5259699e-02  6.2578250e-01 
    98 : -5.5081655e-02 -6.2584858e-01 
    99 :  6.2583872e-01 -5.5278435e-02 
   100 : -6.2722399e-01  5.5505434e-02 
   101 : -4.4560852e-02  8.3231132e-01 
   102 :  4.4605156e-02 -8.3233306e-01 
   103 :  8.3232783e-01  4.4556471e-02 
   104 : -8.3281767e-01 -4.4416148e-02 
   105 :  3.4080895e-01  8.4034559e-01 
   106 : -3.4078290e-01 -8.4035012e-01 
   107 :  8.4034990e-01 -3.4080804e-01 
   108 : -8.4175109e-01  3.4116042e-01 
   109 :  1.9731904e-01  5.8554256e-01 
   110 : -1.9710504e-01 -5.8559299e-01 
   111 : -5.8758803e-01  1.9763457e-01 
   112 :  5.8559318e-01 -1.9733216e-01 
   113 :  1.1783897e-02  4.6686485e-01 
   114 : -1.1477186e-02 -4.6704885e-01 
   115 :  4.6701299e-01 -1.1874752e-02 
   116 : -4.6744024e-01  1.1621760e-02 
   117 : -1.0534130e-02  3.4931341e-01 
   118 :  1.0818480e-02 -3.4965452e-01 
   119 :  3.4957339e-01  1.0330729e-02 
   120 : -3.4956437e-01 -1.0905395e-02 
   121 :  6.6684268e-01  4.7280739e-01 
   122 : -6.6679796e-01 -4.7283028e-01 
   123 : -4.7288423e-01  6.6689287e-01 
   124 :  4.7283549e-01 -6.6684912e-01 
   125 : -3.9962678e-01 -2.7598137e-01 
   126 :  3.9982071e-01  2.7575189e-01 
   127 :  2.7591063e-01 -3.9991131e-01 
   128 : -2.7590037e-01  3.9961285e-01 
   129 : -1.6389077e-01 -6.9642620e-02 
   130 : -6.9443295e-02  1.6368936e-01 
   131 :  6.9212299e-02 -1.6436150e-01 
   132 :  1.6415992e-01  6.9010270e-02 
   133 : -4.8351236e-01 -1.6473619e-01 
   134 :  4.8341658e-01  1.6453903e-01 
   135 :  1.6474466e-01 -4.8349929e-01 
   136 : -1.6465139e-01  4.8325986e-01 
   137 :  2.8886350e-01  2.6600460e-01 
   138 : -2.8854231e-01 -2.6626382e-01 
   139 :  2.6617814e-01 -2.8899290e-01 
   140 : -2.6622031e-01  2.8851065e-01 
   141 :  1.5122854e-01  7.9709420e-01 
   142 : -1.5116327e-01 -7.9711420e-01 
   143 :  7.9711142e-01 -1.5123202e-01 
   144 : -7.9867801e-01  1.5154654e-01 
   145 :  4.8378953e-01  5.2521437e-01 
   146 : -4.8367977e-01 -5.2525744e-01 
   147 : -5.2584725e-01  4.8395276e-01 
   148 :  5.2525432e-01 -4.8379829e-01 
   149 : -5.7574809e-01 -3.1689676e-01 
   150 :  5.7578374e-01  3.1682406e-01 
   151 : -3.1693071e-01  5.7574673e-01 
   152 :  3.1691439e-01 -5.7581456e-01 
   153 : -3.0173174e-01 -4.1136311e-01 
   154 :  3.0204312e-01  4.1124751e-01 
   155 :  4.1135465e-01 -3.0209510e-01 
   156 : -4.1186332e-01  3.0194822e-01 
   157 :  8.3543017e-01  6.6663659e-01 
   158 : -8.3542280e-01 -6.6663975e-01 
   159 : -6.6663448e-01  8.3545714e-01 
   160 :  6.6664035e-01 -8.3543078e-01 
   161 : -7.1131067e-01 -2.4985276e-01 
   162 :  7.1124416e-01  2.4985406e-01 
   163 : -2.4988144e-01  7.1121803e-01 
   164 :  2.4991905e-01 -7.1126102e-01 
   165 : -2.0189274e-01  8.5177398e-01 
   166 :  2.0192001e-01 -8.5179028e-01 
   167 :  8.5178467e-01  2.0188915e-01 
   168 : -8.5187674e-01 -2.0185651e-01 
   169 : -7.4921313e-01 -3.5250124e-01 
   170 :  7.4921564e-01  3.5249264e-01 
   171 : -3.5251357e-01  7.4921638e-01 
   172 :  3.5252759e-01 -7.4922464e-01 
   173 :  8.4451891e-01  5.0054382e-01 
   174 : -8.4450664e-01 -5.0054850e-01 
   175 : -5.0055120e-01  8.4453813e-01 
   176 :  5.0055348e-01 -8.4452098e-01 
   177 :  3.4848687e-01  6.9371872e-01 
   178 : -3.4840581e-01 -6.9373678e-01 
   179 :  6.9373623e-01 -3.4848797e-01 
   180 : -6.9571816e-01  3.4891023e-01 
   181 :  8.3454388e-01  8.3478157e-01 
   182 : -8.3477759e-01  8.3456515e-01 
   183 : -8.3454143e-01 -8.3478252e-01 
   184 :  8.3478257e-01 -8.3454396e-01 
Number of quads 160 
     0 :     54     46     45     80 
     1 :     56     13     12     77 
     2 :     53     35     34     79 
     3 :     55     24     23     78 
     4 :     69     51    113    117 
     5 :     70     52    114    118 
     6 :     72     49    115    119 
     7 :     71     50    116    120 
     8 :    100     60    133    116 
     9 :     99     59    134    115 
    10 :     98     57    135    114 
    11 :     97     58    136    113 
    12 :    134    126    137     64 
    13 :    132     64    137     69 
    14 :    133    125    138     61 
    15 :    129     61    138     70 
    16 :    135    127    139     63 
    17 :    131     63    139     72 
    18 :    136    128    140     62 
    19 :    130     62    140     71 
    20 :     43    141    105     44 
    21 :     21    142    106     22 
    22 :     32    144    108     33 
    23 :     10    143    107     11 
    24 :     48    132     69    130 
    25 :     62    130     69    117 
    26 :     48    129     70    131 
    27 :     63    131     70    118 
    28 :     48    130     71    129 
    29 :     61    129     71    120 
    30 :     48    131     72    132 
    31 :     64    132     72    119 
    32 :     90     86     55     78 
    33 :     91     87     53     79 
    34 :     89     85     54     80 
    35 :     92     88     56     77 
    36 :    154     73    145     93 
    37 :    153     74    146     94 
    38 :    156     76    147     96 
    39 :    155     75    148     95 
    40 :    109     65    141     97 
    41 :    110     66    142     98 
    42 :    112     67    143     99 
    43 :    111     68    144    100 
    44 :     51    154     93    109 
    45 :     52    153     94    110 
    46 :     49    155     95    112 
    47 :     50    156     96    111 
    48 :     51    109     97    113 
    49 :     52    110     98    114 
    50 :     49    112     99    115 
    51 :     50    111    100    116 
    52 :     62    117    113    136 
    53 :     63    118    114    135 
    54 :     64    119    115    134 
    55 :     61    120    116    133 
    56 :     70    138    153     52 
    57 :     74    153    138    125 
    58 :     69    137    154     51 
    59 :     73    154    137    126 
    60 :     72    139    155     49 
    61 :     75    155    139    127 
    62 :     71    140    156     50 
    63 :     76    156    140    128 
    64 :     33    108     79     34 
    65 :     11    107     77     12 
    66 :     22    106     78     23 
    67 :     44    105     80     45 
    68 :     32     31    104    144 
    69 :     60    100    144    104 
    70 :     10      9    103    143 
    71 :     59     99    143    103 
    72 :     21     20    102    142 
    73 :     57     98    142    102 
    74 :     43     42    101    141 
    75 :     58     97    141    101 
    76 :     91    147    123     87 
    77 :     92    148    124     88 
    78 :     90    146    122     86 
    79 :     89    145    121     85 
    80 :    147     76    151    123 
    81 :     76    128    136    151 
    82 :    148     75    152    124 
    83 :     75    127    135    152 
    84 :    146     74    149    122 
    85 :     74    125    133    149 
    86 :    145     73    150    121 
    87 :     73    126    134    150 
    88 :    133     60    161    149 
    89 :    134     59    162    150 
    90 :    136     58    163    151 
    91 :    135     57    164    152 
    92 :     58    101    165    163 
    93 :     57    102    166    164 
    94 :     59    103    167    162 
    95 :     60    104    168    161 
    96 :    161    169    122    149 
    97 :    162    170    121    150 
    98 :    163    171    123    151 
    99 :    164    172    124    152 
   100 :      6      5    157    173 
   101 :     28     27    158    174 
   102 :     39     38    159    175 
   103 :     17     16    160    176 
   104 :    109     93    177     65 
   105 :     80    105    177     89 
   106 :    145     89    177     93 
   107 :    141     65    177    105 
   108 :    110     94    178     66 
   109 :     78    106    178     90 
   110 :    146     90    178     94 
   111 :    142     66    178    106 
   112 :    112     95    179     67 
   113 :     77    107    179     92 
   114 :    148     92    179     95 
   115 :    143     67    179    107 
   116 :    111     96    180     68 
   117 :     79    108    180     91 
   118 :    147     91    180     96 
   119 :    144     68    180    108 
   120 :     81    169    161    168 
   121 :     82    170    162    167 
   122 :     83    171    163    165 
   123 :     84    172    164    166 
   124 :     31     30    168    104 
   125 :     30     29     81    168 
   126 :      9      8    167    103 
   127 :      8      7     82    167 
   128 :     20     19    166    102 
   129 :     19     18     84    166 
   130 :     42     41    165    101 
   131 :     41     40     83    165 
   132 :     18     17    176     84 
   133 :     88    124    176    160 
   134 :     84    176    124    172 
   135 :     40     39    175     83 
   136 :     87    123    175    159 
   137 :     83    175    123    171 
   138 :      7      6    173     82 
   139 :     85    121    173    157 
   140 :     82    173    121    170 
   141 :     29     28    174     81 
   142 :     86    122    174    158 
   143 :     81    174    122    169 
   144 :     47    181      4      0 
   145 :     36    182     37      3 
   146 :     25    183     26      2 
   147 :     15      1     14    184 
   148 :     35     53    182     36 
   149 :     13     56    184     14 
   150 :     24     55    183     25 
   151 :     46     54    181     47 
   152 :     37    182    159     38 
   153 :     87    159    182     53 
   154 :     15    184    160     16 
   155 :     88    160    184     56 
   156 :     26    183    158     27 
   157 :     86    158    183     55 
   158 :      4    181    157      5 
   159 :     85    157    181     54 
