Number of nodes 848 
     0 :  2.0000000e+00  1.0000000e+00 
     1 :  2.0000000e+00 -1.0000000e+00 
     2 : -2.0000000e+00 -1.0000000e+00 
     3 : -2.0000000e+00  1.0000000e+00 
     4 :  2.0000000e+00  8.8235294e-01 
     5 :  2.0000000e+00  7.6470588e-01 
     6 :  2.0000000e+00  6.4705882e-01 
     7 :  2.0000000e+00  5.2941176e-01 
     8 :  2.0000000e+00  4.1176471e-01 
     9 :  2.0000000e+00  2.9411765e-01 
    10 :  2.0000000e+00  1.7647059e-01 
    11 :  2.0000000e+00  5.8823529e-02 
    12 :  2.0000000e+00 -5.8823529e-02 
    13 :  2.0000000e+00 -1.7647059e-01 
    14 :  2.0000000e+00 -2.9411765e-01 
    15 :  2.0000000e+00 -4.1176471e-01 
    16 :  2.0000000e+00 -5.2941176e-01 
    17 :  2.0000000e+00 -6.4705882e-01 
    18 :  2.0000000e+00 -7.6470588e-01 
    19 :  2.0000000e+00 -8.8235294e-01 
    20 :  1.8857143e+00 -1.0000000e+00 
    21 :  1.7714286e+00 -1.0000000e+00 
    22 :  1.6571429e+00 -1.0000000e+00 
    23 :  1.5428571e+00 -1.0000000e+00 
    24 :  1.4285714e+00 -1.0000000e+00 
    25 :  1.3142857e+00 -1.0000000e+00 
    26 :  1.2000000e+00 -1.0000000e+00 
    27 :  1.0857143e+00 -1.0000000e+00 
    28 :  9.7142857e-01 -1.0000000e+00 
    29 :  8.5714286e-01 -1.0000000e+00 
    30 :  7.4285714e-01 -1.0000000e+00 
    31 :  6.2857143e-01 -1.0000000e+00 
    32 :  5.1428571e-01 -1.0000000e+00 
    33 :  4.0000000e-01 -1.0000000e+00 
    34 :  2.8571429e-01 -1.0000000e+00 
    35 :  1.7142857e-01 -1.0000000e+00 
    36 :  5.7142857e-02 -1.0000000e+00 
    37 : -5.7142857e-02 -1.0000000e+00 
    38 : -1.7142857e-01 -1.0000000e+00 
    39 : -2.8571429e-01 -1.0000000e+00 
    40 : -4.0000000e-01 -1.0000000e+00 
    41 : -5.1428571e-01 -1.0000000e+00 
    42 : -6.2857143e-01 -1.0000000e+00 
    43 : -7.4285714e-01 -1.0000000e+00 
    44 : -8.5714286e-01 -1.0000000e+00 
    45 : -9.7142857e-01 -1.0000000e+00 
    46 : -1.0857143e+00 -1.0000000e+00 
    47 : -1.2000000e+00 -1.0000000e+00 
    48 : -1.3142857e+00 -1.0000000e+00 
    49 : -1.4285714e+00 -1.0000000e+00 
    50 : -1.5428571e+00 -1.0000000e+00 
    51 : -1.6571429e+00 -1.0000000e+00 
    52 : -1.7714286e+00 -1.0000000e+00 
    53 : -1.8857143e+00 -1.0000000e+00 
    54 : -2.0000000e+00 -8.8235294e-01 
    55 : -2.0000000e+00 -7.6470588e-01 
    56 : -2.0000000e+00 -6.4705882e-01 
    57 : -2.0000000e+00 -5.2941176e-01 
    58 : -2.0000000e+00 -4.1176471e-01 
    59 : -2.0000000e+00 -2.9411765e-01 
    60 : -2.0000000e+00 -1.7647059e-01 
    61 : -2.0000000e+00 -5.8823529e-02 
    62 : -2.0000000e+00  5.8823529e-02 
    63 : -2.0000000e+00  1.7647059e-01 
    64 : -2.0000000e+00  2.9411765e-01 
    65 : -2.0000000e+00  4.1176471e-01 
    66 : -2.0000000e+00  5.2941176e-01 
    67 : -2.0000000e+00  6.4705882e-01 
    68 : -2.0000000e+00  7.6470588e-01 
    69 : -2.0000000e+00  8.8235294e-01 
    70 : -1.8857143e+00  1.0000000e+00 
    71 : -1.7714286e+00  1.0000000e+00 
    72 : -1.6571429e+00  1.0000000e+00 
    73 : -1.5428571e+00  1.0000000e+00 
    74 : -1.4285714e+00  1.0000000e+00 
    75 : -1.3142857e+00  1.0000000e+00 
    76 : -1.2000000e+00  1.0000000e+00 
    77 : -1.0857143e+00  1.0000000e+00 
    78 : -9.7142857e-01  1.0000000e+00 
    79 : -8.5714286e-01  1.0000000e+00 
    80 : -7.4285714e-01  1.0000000e+00 
    81 : -6.2857143e-01  1.0000000e+00 
    82 : -5.1428571e-01  1.0000000e+00 
    83 : -4.0000000e-01  1.0000000e+00 
    84 : -2.8571429e-01  1.0000000e+00 
    85 : -1.7142857e-01  1.0000000e+00 
    86 : -5.7142857e-02  1.0000000e+00 
    87 :  5.7142857e-02  1.0000000e+00 
    88 :  1.7142857e-01  1.0000000e+00 
    89 :  2.8571429e-01  1.0000000e+00 
    90 :  4.0000000e-01  1.0000000e+00 
    91 :  5.1428571e-01  1.0000000e+00 
    92 :  6.2857143e-01  1.0000000e+00 
    93 :  7.4285714e-01  1.0000000e+00 
    94 :  8.5714286e-01  1.0000000e+00 
    95 :  9.7142857e-01  1.0000000e+00 
    96 :  1.0857143e+00  1.0000000e+00 
    97 :  1.2000000e+00  1.0000000e+00 
    98 :  1.3142857e+00  1.0000000e+00 
    99 :  1.4285714e+00  1.0000000e+00 
   100 :  1.5428571e+00  1.0000000e+00 
   101 :  1.6571429e+00  1.0000000e+00 
   102 :  1.7714286e+00  1.0000000e+00 
   103 :  1.8857143e+00  1.0000000e+00 
   104 :  9.2024847e-01 -4.2405990e-03 
   105 : -9.1563370e-01 -1.6698878e-03 
   106 : -8.2630406e-03  7.5884892e-02 
   107 :  4.1889971e-01 -3.7197577e-01 
   108 : -4.1800296e-01 -3.7343483e-01 
   109 :  1.3832524e+00  3.8794843e-01 
   110 : -1.3849233e+00 -3.9596998e-01 
   111 : -1.3809126e+00  4.0606130e-01 
   112 :  1.3916778e+00 -3.8978682e-01 
   113 : -4.8751186e-01  4.0110850e-01 
   114 :  4.9452010e-01  4.0774336e-01 
   115 :  9.1450341e-01 -5.1630392e-01 
   116 : -9.0949218e-01 -4.9674995e-01 
   117 : -9.4017449e-01  5.3631001e-01 
   118 :  9.5195207e-01  5.2745037e-01 
   119 :  4.1638771e-04  5.3471078e-01 
   120 :  9.6793031e-03 -5.4077818e-01 
   121 : -1.5832031e+00 -2.0454321e-02 
   122 :  1.5832031e+00  2.0454321e-02 
   123 : -4.0698931e-01  3.0246620e-02 
   124 :  3.9401271e-01  2.0175179e-02 
   125 :  1.6467527e+00  6.4460401e-01 
   126 : -1.6432159e+00 -6.3570433e-01 
   127 : -1.6461851e+00  6.4433376e-01 
   128 :  1.6434208e+00 -6.3678944e-01 
   129 :  5.8728674e-01 -6.7133195e-01 
   130 : -5.8967012e-01 -6.7001923e-01 
   131 :  1.1161260e-01 -2.3316066e-01 
   132 : -1.2389754e+00 -8.5434047e-02 
   133 :  1.2444776e+00  7.3680265e-02 
   134 :  1.1940066e+00 -6.6887137e-01 
   135 : -1.1898801e+00 -6.6169338e-01 
   136 :  2.9873415e-01  6.6911104e-01 
   137 : -2.9920877e-01  6.7595370e-01 
   138 : -1.2352349e+00  6.6935574e-01 
   139 :  1.2333364e+00  6.6177802e-01 
   140 :  7.1545020e-01 -2.4103752e-01 
   141 : -7.1024752e-01 -2.4871624e-01 
   142 : -6.5344252e-01  6.8690260e-01 
   143 :  6.5074514e-01  6.8466977e-01 
   144 :  2.8858906e-01 -6.8945458e-01 
   145 : -2.9004827e-01 -6.8503515e-01 
   146 : -1.0986931e+00  2.6658181e-01 
   147 :  1.1052891e+00 -2.6879640e-01 
   148 : -7.7618877e-01  2.7387943e-01 
   149 :  7.7143155e-01  2.7197828e-01 
   150 :  1.6878998e+00  2.9628251e-01 
   151 : -1.6894082e+00 -2.9570534e-01 
   152 :  1.6863700e+00 -2.9167556e-01 
   153 : -1.6867561e+00  2.9282308e-01 
   154 :  1.9422149e-01  3.0395773e-01 
   155 : -2.0247066e-01  3.2103482e-01 
   156 : -1.8551923e-01 -2.0750945e-01 
   157 : -1.0292114e+00 -2.4600778e-01 
   158 :  1.0538361e+00  2.9041071e-01 
   159 : -6.4446331e-01  3.5992850e-02 
   160 :  6.5757094e-01  3.7623960e-02 
   161 :  8.3822290e-01 -7.4757292e-01 
   162 : -8.3872133e-01 -7.4721668e-01 
   163 : -1.3475764e+00  1.4420743e-01 
   164 :  1.3475516e+00 -1.4419860e-01 
   165 :  1.4238205e+00 -7.6592097e-01 
   166 : -1.4238205e+00 -7.6592097e-01 
   167 : -1.0103031e+00  7.6633295e-01 
   168 :  1.0103405e+00  7.6631017e-01 
   169 :  7.0762449e-02  7.5554751e-01 
   170 : -1.9068981e-01 -4.0454732e-01 
   171 :  6.4784336e-02 -7.7023534e-01 
   172 : -1.4635166e+00  7.7578333e-01 
   173 :  1.4635166e+00  7.7578333e-01 
   174 : -1.1594655e+00 -4.5250971e-01 
   175 :  2.0958640e-01 -4.3082961e-01 
   176 :  1.1650603e+00  4.5395298e-01 
   177 :  4.9136128e-01 -1.6936701e-01 
   178 : -5.0828514e-01 -1.9011607e-01 
   179 : -1.1621644e+00  4.5741868e-01 
   180 :  1.7760485e+00  7.7855196e-02 
   181 : -1.7783155e+00 -7.6379184e-02 
   182 : -1.4216232e+00 -1.5537114e-01 
   183 :  1.4239782e+00  1.7152867e-01 
   184 :  6.1351778e-01 -4.3970249e-01 
   185 : -6.2444821e-01 -4.5160608e-01 
   186 :  1.8689730e-01 -3.7982393e-02 
   187 : -5.0273592e-01  1.9024795e-01 
   188 :  5.0163159e-01  1.9089519e-01 
   189 :  4.6776388e-01  7.9798967e-01 
   190 : -4.8186299e-01  7.9171393e-01 
   191 : -1.7955601e+00 -4.8541124e-01 
   192 :  1.7944496e+00  4.8540292e-01 
   193 : -1.7962722e+00  5.0688841e-01 
   194 :  1.7962722e+00 -5.0688841e-01 
   195 :  1.1275219e+00 -4.7132024e-01 
   196 : -7.0387764e-01  4.8238258e-01 
   197 :  6.9735653e-01  4.6973293e-01 
   198 : -1.2069967e-01  7.9645107e-01 
   199 : -1.8004397e+00 -8.0186775e-01 
   200 :  1.8028833e+00  8.0197257e-01 
   201 : -1.8037323e+00  8.0386430e-01 
   202 :  1.8020894e+00 -8.0346057e-01 
   203 : -2.0066483e-01  1.0888296e-01 
   204 :  1.0436259e+00 -8.0757551e-01 
   205 : -1.0433065e+00 -8.0650824e-01 
   206 : -4.6072915e-01 -8.0250733e-01 
   207 :  4.5296815e-01 -8.0275666e-01 
   208 :  1.8161278e+00 -1.1572294e-01 
   209 : -1.8170322e+00  1.1696065e-01 
   210 : -4.7849375e-03  3.5964303e-01 
   211 : -1.1525661e-01 -8.0341360e-01 
   212 :  8.9724214e-01 -2.0163859e-01 
   213 : -8.1294336e-01  8.1277151e-01 
   214 :  8.1294336e-01  8.1277151e-01 
   215 : -1.1032038e+00  5.9272420e-02 
   216 :  1.1040747e+00 -6.1385545e-02 
   217 :  3.0618979e-01 -1.7877169e-01 
   218 : -3.0136813e-01  4.8905492e-01 
   219 :  1.8218068e-01  5.2081073e-01 
   220 :  1.5685761e+00  4.6463829e-01 
   221 : -1.5729942e+00 -4.6590186e-01 
   222 : -1.5718024e+00  4.6148725e-01 
   223 :  1.5761950e+00 -4.6494214e-01 
   224 : -1.4132839e+00  5.9157237e-01 
   225 :  1.3993096e+00  5.8857744e-01 
   226 :  4.3675551e-01 -5.6851133e-01 
   227 : -4.4969668e-01 -5.6890522e-01 
   228 : -4.7393481e-01  5.9152831e-01 
   229 :  4.7843428e-01  5.9392937e-01 
   230 :  1.2282343e+00  2.7456567e-01 
   231 :  1.3686077e+00 -5.7019087e-01 
   232 : -1.3640552e+00 -5.7729810e-01 
   233 : -9.5514922e-03 -1.1105582e-01 
   234 : -1.2458405e+00 -2.5754608e-01 
   235 : -1.5698769e-02 -3.6365520e-01 
   236 :  1.5905520e+00 -8.2273233e-01 
   237 : -1.5905520e+00 -8.2273233e-01 
   238 : -9.3916446e-01  1.8020105e-01 
   239 :  2.5799641e-01  1.3834315e-01 
   240 :  1.5070352e+00 -2.5545020e-01 
   241 : -1.5062668e+00  2.5396565e-01 
   242 : -6.7278128e-01 -8.3067252e-01 
   243 :  6.7216721e-01 -8.3068791e-01 
   244 :  1.2495837e+00 -8.3197392e-01 
   245 : -1.2495837e+00 -8.3197392e-01 
   246 : -1.6196130e+00  8.2183707e-01 
   247 :  1.6237591e+00  8.2261675e-01 
   248 : -8.7492615e-01 -1.7427872e-01 
   249 : -9.5388630e-01  3.5725479e-01 
   250 :  1.0191829e+00 -6.2125580e-01 
   251 : -1.0230610e+00 -6.1868548e-01 
   252 : -3.4365248e-01  2.1670093e-01 
   253 :  9.1175316e-01  1.7955681e-01 
   254 :  2.3414759e-01  8.3319962e-01 
   255 :  3.7551624e-01  2.8568821e-01 
   256 : -1.1543801e+00  8.3491364e-01 
   257 :  1.1546749e+00  8.3414950e-01 
   258 :  7.4297006e-01 -5.5447117e-01 
   259 : -7.4389753e-01 -5.5344120e-01 
   260 : -8.6643643e-01 -3.3669736e-01 
   261 :  7.6802150e-01 -8.2537730e-02 
   262 :  1.0641822e+00  1.0282270e-01 
   263 :  2.3471762e-01 -8.3763967e-01 
   264 : -1.6293049e-01  5.7308095e-01 
   265 :  9.1078779e-01  3.6983542e-01 
   266 : -3.4143218e-01 -1.3754829e-01 
   267 : -1.2635873e+00  2.8128241e-01 
   268 :  1.2670405e+00 -2.8127119e-01 
   269 : -3.2263956e-01  8.3858116e-01 
   270 :  8.2092632e-01 -3.7160989e-01 
   271 : -8.3127864e-01  6.4179627e-01 
   272 :  8.3032494e-01  6.5066941e-01 
   273 : -1.5779141e-01 -5.7706539e-01 
   274 :  1.0897027e+00  6.2023400e-01 
   275 : -1.0901458e+00  6.2318710e-01 
   276 : -1.0439479e+00 -1.0881154e-01 
   277 : -1.8396361e+00 -2.4620516e-01 
   278 :  1.8396361e+00  2.4620516e-01 
   279 :  3.4618768e-01  4.8550504e-01 
   280 : -1.4023364e+00 -3.1192600e-02 
   281 :  1.4030207e+00  1.2695577e-02 
   282 : -6.5336189e-01  8.4954659e-01 
   283 :  6.5209409e-01  8.4761481e-01 
   284 :  1.5351616e-01 -6.0816404e-01 
   285 : -2.9842129e-01 -8.4656480e-01 
   286 : -1.8355900e+00 -6.1849623e-01 
   287 :  1.8357912e+00  6.1837048e-01 
   288 : -1.8473007e+00  6.2830609e-01 
   289 :  1.8465499e+00 -6.2874075e-01 
   290 : -1.8376287e+00  3.1958298e-01 
   291 :  1.8363055e+00 -3.1778376e-01 
   292 : -6.2354513e-01  3.2327653e-01 
   293 :  6.1815395e-01  3.2913481e-01 
   294 :  1.5964835e+00  1.4419745e-01 
   295 : -1.5986273e+00 -1.4420460e-01 
   296 : -7.3605372e-01 -8.3003001e-02 
   297 :  9.8522375e-01 -3.7028492e-01 
   298 : -7.8792724e-01  9.8879338e-02 
   299 :  1.6537965e+00 -1.3539961e-01 
   300 : -1.6538210e+00  1.3562953e-01 
   301 :  1.5238200e+00  2.9851529e-01 
   302 : -1.5234469e+00 -2.9835399e-01 
   303 :  9.7668478e-02  2.2252302e-01 
   304 : -7.6303216e-02  2.1791933e-01 
   305 : -1.6357019e-01 -3.4622065e-02 
   306 : -2.7938249e-01 -3.0401583e-01 
   307 : -1.3135247e+00  8.6573146e-01 
   308 :  1.3136758e+00  8.6563061e-01 
   309 :  5.7352629e-01 -3.2574914e-01 
   310 : -5.6359598e-01 -3.0068043e-01 
   311 : -1.0191074e+00 -4.2616587e-01 
   312 :  1.2553667e+00 -4.8071709e-01 
   313 : -2.9967794e-01 -5.2132739e-01 
   314 : -1.2083317e-01  4.1795510e-01 
   315 :  7.9169505e-01  7.8702197e-02 
   316 : -8.0672834e-01  4.3497495e-01 
   317 :  5.6025447e-01 -7.5281087e-03 
   318 : -5.3358324e-01 -7.8743551e-03 
   319 : -4.5439881e-02  6.9754884e-01 
   320 :  1.5134955e+00 -5.8378441e-01 
   321 : -1.5120657e+00 -5.8519517e-01 
   322 :  2.9367808e-01 -3.3481280e-01 
   323 : -4.1780108e-02 -7.0689694e-01 
   324 :  9.2315719e-01 -8.6802275e-01 
   325 : -9.2317569e-01 -8.6789982e-01 
   326 : -6.6401962e-01  1.8253707e-01 
   327 :  6.8197704e-01  1.9052248e-01 
   328 :  1.2553706e-01  6.2962673e-01 
   329 :  1.2151221e+00 -1.2702453e-01 
   330 : -1.2145261e+00  1.2675873e-01 
   331 :  1.0308772e+00  4.1224152e-01 
   332 :  3.0618208e-01 -5.3213764e-01 
   333 :  6.4051134e-01 -1.3136075e-01 
   334 : -1.2881990e+00  4.8848297e-01 
   335 : -3.8144638e-01  3.3843392e-01 
   336 : -1.1088190e-02  8.7304259e-01 
   337 : -6.1029148e-02 -2.3915616e-01 
   338 : -1.5021309e+00  1.3184978e-01 
   339 :  1.5021309e+00 -1.3184978e-01 
   340 :  3.5229606e-01  8.8343145e-01 
   341 : -9.5766755e-03 -8.7795066e-01 
   342 : -9.2269189e-01  8.7367100e-01 
   343 :  9.2264389e-01  8.7377901e-01 
   344 :  3.8380679e-01  1.5660593e-01 
   345 : -7.4179004e-01 -4.4572392e-01 
   346 :  1.4873179e+00 -8.8123480e-01 
   347 : -1.4873179e+00 -8.8123480e-01 
   348 : -1.8854260e+00 -3.6063555e-01 
   349 :  1.8844711e+00  3.6103906e-01 
   350 : -1.8813804e+00  7.1193924e-03 
   351 :  1.8811221e+00 -6.6156958e-03 
   352 :  1.2825301e+00  5.6052755e-01 
   353 :  8.3094714e-01  4.6426390e-01 
   354 : -1.1387353e+00 -1.8137642e-01 
   355 :  6.0020473e-01  5.6562060e-01 
   356 : -6.0067038e-01  5.6596089e-01 
   357 :  1.6889703e+00 -2.3781743e-02 
   358 : -1.6889565e+00  2.4970821e-02 
   359 :  1.2983329e-01  9.6677500e-02 
   360 :  7.6943584e-02  4.4873415e-01 
   361 :  3.4435719e-01 -8.8882656e-01 
   362 : -1.5133867e+00  6.5282769e-01 
   363 :  1.5122020e+00  6.5161619e-01 
   364 :  5.6494742e-01 -8.8576720e-01 
   365 : -5.6788724e-01 -8.8659701e-01 
   366 :  1.1432053e+00 -8.8761692e-01 
   367 : -1.1432053e+00 -8.8761692e-01 
   368 :  8.9854285e-01 -6.2328212e-01 
   369 : -9.0311500e-01 -6.1990459e-01 
   370 : -1.2407744e+00 -5.4648557e-01 
   371 : -3.9354654e-01 -2.4247761e-01 
   372 :  7.4009942e-01 -7.0425707e-01 
   373 : -7.4009942e-01 -7.0425707e-01 
   374 :  1.2501034e-01  8.8619884e-01 
   375 : -7.8566176e-01 -8.8118703e-01 
   376 :  7.8566176e-01 -8.8118703e-01 
   377 :  7.3548930e-01 -4.5150862e-01 
   378 :  9.8560990e-01 -1.0724633e-01 
   379 : -6.3759478e-01 -1.5519169e-01 
   380 :  1.1825313e+00 -3.5386385e-01 
   381 : -1.4904692e+00  8.9614667e-01 
   382 :  1.4917661e+00  8.9620548e-01 
   383 :  9.4917659e-02 -3.6145276e-01 
   384 : -9.4711264e-01  6.4849247e-01 
   385 :  9.4109466e-01  6.5104625e-01 
   386 : -1.7026709e+00 -8.8471799e-01 
   387 :  1.7038713e+00 -8.8613696e-01 
   388 :  3.8560640e-01 -1.0853646e-01 
   389 :  3.8810941e-01 -2.4311269e-01 
   390 :  1.2201717e-01 -8.8706868e-01 
   391 : -2.9351581e-01 -2.8373522e-02 
   392 :  1.3201671e+00 -6.8572241e-01 
   393 : -1.3342321e+00 -6.9082394e-01 
   394 : -4.1222690e-01 -6.8349594e-01 
   395 :  4.0940923e-01 -6.8791493e-01 
   396 :  1.5415391e+00 -7.1505632e-01 
   397 : -1.5415391e+00 -7.1505632e-01 
   398 : -1.1238198e+00 -3.2203211e-01 
   399 : -1.0546358e+00  8.8431525e-01 
   400 :  1.0548650e+00  8.8420493e-01 
   401 :  1.3112466e+00  1.8981436e-01 
   402 :  4.9960570e-01 -4.6526927e-01 
   403 : -5.0273267e-01 -4.6626586e-01 
   404 : -1.0292880e+00  4.6039394e-01 
   405 :  1.3002928e+00 -2.7925232e-02 
   406 : -1.2994792e+00  2.6655026e-02 
   407 : -1.5924423e-01 -3.0526430e-01 
   408 :  1.8892555e+00 -2.2317177e-01 
   409 : -1.8891206e+00  2.2392872e-01 
   410 : -1.8864817e+00 -8.8609886e-01 
   411 :  1.8871821e+00  8.8638878e-01 
   412 :  1.8869655e+00 -8.8684335e-01 
   413 : -1.8883037e+00  8.8676050e-01 
   414 :  2.9367219e-01  3.7573014e-01 
   415 : -1.7094314e+00  8.8698656e-01 
   416 :  1.7102643e+00  8.8621038e-01 
   417 : -2.1960684e-01  8.8921005e-01 
   418 : -1.3811635e+00  2.7121304e-01 
   419 :  1.3821948e+00 -2.7018153e-01 
   420 : -1.3148633e+00 -1.7386172e-01 
   421 :  9.8396971e-02 -1.2146651e-01 
   422 : -1.3407989e+00  6.8706363e-01 
   423 :  1.3389027e+00  6.8905341e-01 
   424 : -1.0659253e+00 -5.1980509e-01 
   425 : -1.1747833e+00  3.3579603e-01 
   426 :  1.1636284e+00  1.6557906e-01 
   427 :  1.6704124e+00  5.2654789e-01 
   428 : -1.6732234e+00 -5.2625605e-01 
   429 : -1.6729826e+00  5.2976400e-01 
   430 :  1.6758420e+00 -5.2845959e-01 
   431 :  5.6270150e-01  8.9206093e-01 
   432 : -5.5939237e-01  8.8931556e-01 
   433 : -1.7542395e-01  6.7500665e-01 
   434 : -1.3566684e+00 -8.8568152e-01 
   435 :  1.3566684e+00 -8.8568152e-01 
   436 : -8.9071780e-02 -4.7464206e-01 
   437 :  1.1450637e+00  3.4423571e-01 
   438 :  1.9909717e-01  7.2821876e-01 
   439 :  1.2638691e+00  3.8970684e-01 
   440 : -4.9230786e-01  9.0021128e-02 
   441 :  4.8629784e-01  7.3297846e-02 
   442 : -1.2683132e+00 -3.7790188e-01 
   443 : -1.8904055e+00 -1.3077169e-01 
   444 :  1.8907583e+00  1.3204152e-01 
   445 :  9.7267611e-02 -4.7766711e-01 
   446 :  5.3644924e-01  6.8838739e-01 
   447 : -5.3680646e-01  6.8882663e-01 
   448 :  1.7266999e-01 -7.0243661e-01 
   449 : -1.6674404e-01 -6.8340358e-01 
   450 : -1.1253345e+00  7.2326240e-01 
   451 :  1.1251026e+00  7.2419750e-01 
   452 :  3.0149514e-01 -2.5659955e-02 
   453 : -1.6885868e+00 -4.1100917e-01 
   454 :  1.6877233e+00  4.0917076e-01 
   455 : -1.7014043e+00  4.1101175e-01 
   456 :  1.7021612e+00 -4.1326142e-01 
   457 :  1.4511642e+00  4.7965111e-01 
   458 : -1.4561773e+00  4.7865718e-01 
   459 : -9.8816500e-01  8.2019995e-02 
   460 : -1.4471531e+00 -4.7826128e-01 
   461 :  1.4533156e+00 -4.7695098e-01 
   462 : -4.1263965e-01  6.9774374e-01 
   463 :  4.1450733e-01  6.8899156e-01 
   464 : -3.6043353e-01  5.8341491e-01 
   465 : -7.2337516e-01  5.9719603e-01 
   466 :  7.3659143e-01  5.8688680e-01 
   467 : -1.3931394e+00 -2.8153282e-01 
   468 : -1.4898689e+00  3.6628313e-01 
   469 :  1.4904400e+00 -3.6799646e-01 
   470 :  5.7562319e-01 -5.5807170e-01 
   471 : -5.7777203e-01 -5.5840600e-01 
   472 : -1.1554905e+00 -7.7056505e-01 
   473 :  1.1553275e+00 -7.7130830e-01 
   474 :  1.4113557e+00  2.7722126e-01 
   475 : -3.0251071e-01 -4.2525433e-01 
   476 : -4.2529009e-01  8.9052643e-01 
   477 :  6.2145846e-02 -1.2673887e-02 
   478 : -1.6766681e+00 -7.5498178e-01 
   479 :  1.6780371e+00 -7.5660015e-01 
   480 : -4.8092231e-01  2.9408150e-01 
   481 : -2.1127404e-01 -8.9362194e-01 
   482 :  3.2286507e-01 -4.3186381e-01 
   483 : -5.7075403e-01 -7.7031700e-01 
   484 :  5.6816722e-01 -7.7128530e-01 
   485 : -3.0563905e-01  1.0121794e-01 
   486 :  9.6104650e-01 -7.2954506e-01 
   487 : -9.6156008e-01 -7.2932155e-01 
   488 :  1.1803949e+00 -5.6389704e-01 
   489 :  1.7043910e+00  1.8311694e-01 
   490 : -1.7043772e+00 -1.8192786e-01 
   491 : -1.9089493e+00  4.6551927e-01 
   492 :  1.9091295e+00 -4.6628772e-01 
   493 : -1.2111032e+00  5.7001054e-01 
   494 : -1.8918994e+00 -7.1824016e-01 
   495 :  1.8921534e+00  7.1814247e-01 
   496 : -1.8904583e+00  7.3008724e-01 
   497 :  1.8899356e+00 -7.3025473e-01 
   498 : -1.6886283e+00  7.5758914e-01 
   499 :  1.6893680e+00  7.5530235e-01 
   500 :  1.4846023e+00  8.6832214e-02 
   501 : -1.4998246e+00 -8.8870412e-02 
   502 :  5.7812406e-02 -6.4811296e-01 
   503 :  1.0097635e+00 -4.9591598e-01 
   504 : -1.1924365e-01  5.4530100e-02 
   505 : -8.1275966e-01  1.1173608e-03 
   506 :  6.9365582e-01 -3.3749316e-01 
   507 :  7.5161762e-01  3.7445878e-01 
   508 : -6.6510626e-01 -3.4510465e-01 
   509 : -1.8914426e+00 -5.3922889e-01 
   510 :  1.8913588e+00  5.3986169e-01 
   511 :  2.0287531e-01 -1.7009120e-01 
   512 :  4.7832126e-01  2.9939659e-01 
   513 : -1.0317679e+00 -9.1069534e-01 
   514 :  1.0318080e+00 -9.1085403e-01 
   515 : -8.8596163e-01  2.7338246e-01 
   516 : -1.2760135e+00  3.7846785e-01 
   517 : -4.3291430e-01 -8.2108790e-02 
   518 : -2.3330100e-01  2.0548498e-01 
   519 : -1.1291892e+00 -4.6761521e-02 
   520 : -5.9744731e-01  4.2377178e-01 
   521 :  5.9471284e-01  4.2555292e-01 
   522 : -7.1409551e-01  3.6372347e-01 
   523 : -3.8658455e-01 -8.8057543e-01 
   524 :  7.4320884e-01  8.8051406e-01 
   525 : -7.4320884e-01  8.8051406e-01 
   526 : -1.7714046e+00  2.2865399e-01 
   527 :  1.7705047e+00 -2.2745163e-01 
   528 :  3.3419742e-01 -7.7462834e-01 
   529 : -4.0736263e-01  4.7766287e-01 
   530 :  1.0266658e+00  1.1065166e-02 
   531 :  4.5642437e-01 -9.1226839e-01 
   532 :  8.6964886e-01 -9.8972823e-02 
   533 :  7.9621076e-01 -1.8168992e-01 
   534 :  1.5741304e+00  5.6601209e-01 
   535 : -1.5747445e+00  5.6633928e-01 
   536 : -1.3263824e+00 -4.7321648e-01 
   537 :  1.0028882e+00 -2.5499552e-01 
   538 : -2.2594148e-01  4.2306010e-01 
   539 :  2.8181349e-01  5.6590511e-01 
   540 :  1.1371785e+00  4.3385918e-02 
   541 : -2.4077708e-01  7.7499931e-01 
   542 :  2.8138866e-01  2.4469838e-01 
   543 : -1.0729892e+00  1.6724664e-01 
   544 : -9.1966807e-01 -2.5784492e-01 
   545 :  1.6710806e+00  8.1458279e-02 
   546 : -1.6713435e+00 -7.9477436e-02 
   547 :  3.2911868e-01  7.6727051e-01 
   548 :  8.6754622e-01  2.7037271e-01 
   549 :  1.9125121e+00 -1.1250063e-01 
   550 : -1.9129609e+00  1.1402350e-01 
   551 : -1.1277388e-01  9.1069362e-01 
   552 : -8.9023200e-01  7.4780125e-01 
   553 :  8.8946152e-01  7.4906838e-01 
   554 :  6.1019205e-01 -2.2034547e-01 
   555 : -7.6346744e-01  7.1466243e-01 
   556 :  7.6423187e-01  7.1449203e-01 
   557 : -9.4480525e-01 -9.6005541e-02 
   558 : -8.2471500e-01  5.3472372e-01 
   559 : -9.9920784e-01  2.6416209e-01 
   560 :  1.1788024e+00  5.6264799e-01 
   561 :  1.3459653e+00  4.8158042e-01 
   562 :  9.6764417e-02  3.3727668e-01 
   563 : -1.7415094e+00 -5.9806359e-01 
   564 :  1.7418699e+00  5.9803196e-01 
   565 :  1.7432099e+00 -6.0208854e-01 
   566 : -1.7435180e+00  6.0365099e-01 
   567 : -1.5786706e+00  7.3740606e-01 
   568 :  1.5812038e+00  7.3952497e-01 
   569 :  1.0908915e+00 -1.6700168e-01 
   570 : -1.0650183e+00  3.5626997e-01 
   571 : -9.5249182e-02  3.0356376e-01 
   572 : -1.5984968e+00  3.4196319e-01 
   573 :  1.5977394e+00 -3.4223955e-01 
   574 : -3.8826450e-01 -4.8653146e-01 
   575 :  1.4320171e+00 -6.6047052e-01 
   576 : -1.4332855e+00 -6.6209836e-01 
   577 : -4.1464776e-01  1.4072210e-01 
   578 :  5.0286461e-01 -6.4106387e-01 
   579 : -5.0664319e-01 -6.3928784e-01 
   580 : -5.1498485e-01  4.9869593e-01 
   581 :  5.1996294e-01  4.9851253e-01 
   582 :  1.2326298e+00  9.0177187e-01 
   583 : -1.2312274e+00  9.0203364e-01 
   584 :  8.0203937e-01  1.7214013e-01 
   585 : -1.3104109e+00  5.9199591e-01 
   586 :  3.7509476e-01  5.8866079e-01 
   587 :  1.8448494e-01  4.1057522e-01 
   588 : -1.2521298e+00  7.8012868e-01 
   589 :  1.2511412e+00  7.7813423e-01 
   590 :  1.0754751e+00  5.2474308e-01 
   591 :  5.8803732e-01  7.8403941e-01 
   592 : -5.9064247e-01  7.8289979e-01 
   593 :  1.9162553e-01 -2.9666302e-01 
   594 : -1.1336063e+00 -5.7858417e-01 
   595 : -8.1344443e-01 -2.5383163e-01 
   596 :  1.2998765e+00 -3.7200000e-01 
   597 :  4.6001207e-01  9.1372363e-01 
   598 : -6.3451612e-01 -5.2863386e-02 
   599 :  1.9052726e-01  2.0387825e-01 
   600 :  5.9672663e-01  1.1814985e-01 
   601 : -5.9319677e-01  1.1565937e-01 
   602 : -1.7734935e+00 -3.4303014e-01 
   603 :  1.7724420e+00  3.4299097e-01 
   604 :  9.6379369e-01  9.0826630e-02 
   605 : -2.3188899e-02  4.5451204e-01 
   606 : -1.0778989e-01 -9.1316161e-01 
   607 : -2.3148501e-01 -7.8010615e-01 
   608 :  4.0146924e-01  3.8768923e-01 
   609 :  1.0248896e+00  1.9153647e-01 
   610 : -2.5748517e-01  5.8291708e-01 
   611 : -1.6037354e+00  2.1540938e-01 
   612 :  1.6043283e+00 -2.1686341e-01 
   613 : -8.3316535e-01  1.9039371e-01 
   614 : -3.4642195e-01 -5.9614910e-01 
   615 :  1.5982820e+00 -9.1827313e-01 
   616 : -1.5982820e+00 -9.1827313e-01 
   617 :  2.4414362e-01  4.6424661e-02 
   618 :  1.6010740e+00  3.5426659e-01 
   619 : -1.6010397e+00 -3.5420814e-01 
   620 : -2.3202531e-01 -1.1885688e-01 
   621 : -4.8100371e-02 -1.6675873e-02 
   622 :  3.3224143e-02 -1.9291758e-01 
   623 : -1.1538821e-01 -1.2238917e-01 
   624 : -1.5958347e+00  9.1043382e-01 
   625 :  1.5969521e+00  9.0974754e-01 
   626 :  4.0064554e-01 -4.7431857e-01 
   627 : -1.3940474e+00  8.9360503e-01 
   628 :  1.3941901e+00  8.9350978e-01 
   629 :  6.8113209e-01 -9.2047110e-01 
   630 : -6.8160594e-01 -9.2057969e-01 
   631 : -8.8487026e-01  9.2572558e-02 
   632 : -1.0807018e+00 -6.9884196e-01 
   633 :  1.0783608e+00 -7.0589607e-01 
   634 :  1.2657658e+00 -5.9678517e-01 
   635 :  3.4984599e-02 -2.7767122e-01 
   636 : -9.1914443e-01 -4.0664118e-01 
   637 : -1.9083081e+00  5.6152524e-01 
   638 :  1.9092411e+00 -5.6095184e-01 
   639 : -2.8387523e-01 -2.0102457e-01 
   640 :  1.3528074e+00 -4.6503484e-01 
   641 : -3.4623342e-01 -7.7245643e-01 
   642 : -2.4594380e-02 -7.8555155e-01 
   643 : -2.7445224e-02  7.7714412e-01 
   644 :  1.1446234e+00  9.2411599e-01 
   645 : -1.1443665e+00  9.2426749e-01 
   646 :  2.1456502e-01  6.2606777e-01 
   647 :  8.2461583e-01 -3.9477051e-03 
   648 : -1.0166430e+00 -1.5128319e-02 
   649 :  1.4881759e+00 -2.4320451e-02 
   650 : -1.4907487e+00  2.2942201e-02 
   651 :  8.6897707e-02  5.4670780e-01 
   652 :  1.4880035e+00  3.8063924e-01 
   653 :  1.2542134e+00 -9.2251586e-01 
   654 : -1.2542134e+00 -9.2251586e-01 
   655 : -7.9300350e-01 -6.3265775e-01 
   656 :  7.9300006e-01 -6.3127688e-01 
   657 : -7.4336201e-02  5.9992383e-01 
   658 : -1.7653558e+00 -6.9204402e-01 
   659 :  1.7670844e+00 -6.9475567e-01 
   660 : -1.4855573e+00 -3.8170964e-01 
   661 : -2.9221019e-01  2.9285835e-01 
   662 :  1.0920400e+00 -5.6034869e-01 
   663 : -8.2744174e-01  9.1120330e-01 
   664 :  8.2744174e-01  9.1120330e-01 
   665 :  2.3410660e-01  9.2086460e-01 
   666 :  9.1034966e-01 -4.1876805e-01 
   667 : -1.1860294e+00  2.2592890e-01 
   668 :  3.2472710e-03  2.6164744e-01 
   669 : -6.1738192e-01 -2.4727695e-01 
   670 :  6.7010701e-01 -5.7461036e-02 
   671 : -1.3252948e+00 -7.8359473e-01 
   672 :  1.3252948e+00 -7.8359473e-01 
   673 :  1.1882158e+00 -2.2590078e-01 
   674 : -1.1961425e+00  2.4668214e-02 
   675 :  1.0743957e+00 -3.7377521e-01 
   676 : -9.8421304e-01 -5.4036332e-01 
   677 :  1.5145236e+00  2.0748300e-01 
   678 : -1.5156210e+00 -2.0828089e-01 
   679 :  1.1958066e+00 -2.6451081e-02 
   680 :  1.7680891e+00  6.9516977e-01 
   681 : -1.7699005e+00  6.9637789e-01 
   682 :  9.0660652e-01 -3.0507853e-01 
   683 : -9.0719610e-01  4.4553429e-01 
   684 :  1.4340202e+00 -1.7949692e-01 
   685 : -1.4339275e+00  1.7924306e-01 
   686 : -7.4819422e-01 -7.8522884e-01 
   687 :  7.4806493e-01 -7.8524546e-01 
   688 :  3.4042650e-01 -6.1765228e-01 
   689 : -6.6394051e-01 -7.3436389e-01 
   690 :  6.6358486e-01 -7.3447319e-01 
   691 :  8.5725093e-01  5.6999075e-01 
   692 : -1.2345819e+00 -1.7479897e-01 
   693 : -2.4622813e-01 -5.9889036e-01 
   694 : -3.3030204e-01  9.2365731e-01 
   695 :  1.3532155e+00  8.5261922e-02 
   696 : -8.4581847e-01 -8.6576989e-02 
   697 :  3.2177414e-01  7.3077263e-02 
   698 :  1.2467177e+00 -7.4625615e-01 
   699 : -1.2504470e+00 -7.3344388e-01 
   700 : -8.1999100e-01 -5.2380362e-01 
   701 :  2.2869375e-01 -9.2474182e-01 
   702 :  8.2595806e-01 -5.0661205e-01 
   703 : -1.0286254e+00  5.6778041e-01 
   704 : -9.7384006e-01 -1.8099522e-01 
   705 : -8.3539365e-01  3.5537999e-01 
   706 : -1.5429984e+00  8.2340391e-01 
   707 :  1.5426649e+00  8.2172551e-01 
   708 : -6.8668280e-02 -6.0581741e-01 
   709 : -1.8028239e+00 -9.1148059e-01 
   710 :  1.8043067e+00 -9.1323345e-01 
   711 :  6.7005558e-01 -5.2555203e-01 
   712 : -6.7311870e-01 -5.2389116e-01 
   713 :  9.6203660e-01  2.8708746e-01 
   714 : -3.3621793e-01  7.5547677e-01 
   715 : -1.3369186e+00 -8.5924950e-02 
   716 : -4.7160476e-01 -9.1697837e-01 
   717 :  7.0638631e-01 -1.5489081e-01 
   718 :  1.1232724e+00  2.5206703e-01 
   719 : -2.1274502e-01 -5.0298073e-01 
   720 : -1.9191852e+00  3.5564628e-01 
   721 :  1.9183008e+00 -3.5449394e-01 
   722 : -1.9122371e+00 -4.6128201e-01 
   723 :  1.9122371e+00  4.6128201e-01 
   724 :  1.5984025e+00 -5.5800178e-01 
   725 : -1.5978782e+00 -5.5671937e-01 
   726 :  1.6066512e+00  2.4812025e-01 
   727 : -1.6068268e+00 -2.4692153e-01 
   728 :  1.9046327e-01 -5.3593819e-01 
   729 :  7.1034171e-01  1.0441583e-01 
   730 : -6.9837726e-01  1.0629483e-01 
   731 :  9.3792354e-01  4.4416289e-01 
   732 : -7.6744171e-01 -1.7013465e-01 
   733 : -1.2833668e+00  2.0340747e-01 
   734 :  1.2841741e+00 -2.0225690e-01 
   735 :  8.0200605e-01 -2.7217481e-01 
   736 : -1.0138931e-01 -3.6513419e-01 
   737 : -2.0398560e-01  5.0148308e-01 
   738 : -7.7064233e-01 -3.3619196e-01 
   739 :  1.9248010e+00  2.3957842e-01 
   740 : -1.9269195e+00 -2.3777484e-01 
   741 :  2.6175104e-01  4.7085537e-01 
   742 : -1.5081196e+00 -7.9505348e-01 
   743 :  1.5081196e+00 -7.9505348e-01 
   744 :  1.1828593e-02 -4.4660968e-01 
   745 :  1.5654888e-01  8.0392653e-01 
   746 : -5.8712344e-01  2.4185910e-01 
   747 :  5.9017059e-01  2.4285351e-01 
   748 :  2.8217829e-02  6.2579127e-01 
   749 :  6.6914495e-01  9.2520963e-01 
   750 : -6.6887277e-01  9.2510115e-01 
   751 :  4.3451946e-01  2.3179833e-01 
   752 : -4.8069974e-01 -3.0385741e-01 
   753 : -9.3156673e-02  5.1457685e-01 
   754 : -9.7857433e-01 -3.2991543e-01 
   755 :  2.4030208e-01 -6.1331065e-01 
   756 : -1.7619439e+00  3.3603217e-01 
   757 :  1.7616781e+00 -3.3577990e-01 
   758 : -1.8068852e+00  9.1547041e-01 
   759 :  1.8066499e+00  9.1399810e-01 
   760 :  6.7055051e-01  3.7757941e-01 
   761 : -1.7831211e+00  3.5711652e-02 
   762 :  1.7826391e+00 -3.5070353e-02 
   763 :  4.3630977e-01  4.8815795e-01 
   764 :  6.8028985e-01 -6.2440156e-01 
   765 : -6.8028985e-01 -6.2440156e-01 
   766 : -6.8424791e-01  2.6257494e-01 
   767 :  6.8335447e-01  2.8704318e-01 
   768 : -4.2478582e-01  2.3429761e-01 
   769 :  7.3917592e-01  1.5523790e-02 
   770 :  1.6210635e-01 -7.9237078e-01 
   771 :  2.3920133e-01 -7.5833366e-01 
   772 :  1.0306873e+00  6.7401876e-01 
   773 :  1.0130496e+00  5.9701840e-01 
   774 : -1.4114433e+00  7.4907922e-02 
   775 :  1.4103635e+00 -7.6367677e-02 
   776 : -1.0345472e+00  6.6850543e-01 
   777 :  5.1629346e-01 -3.7599097e-01 
   778 : -4.1728926e-01 -1.6087098e-01 
   779 : -5.4904752e-01 -3.8222248e-01 
   780 : -1.1702758e-01  1.4885257e-01 
   781 : -1.3658060e+00  7.8056657e-01 
   782 :  1.3669394e+00  7.7981017e-01 
   783 : -1.0853014e+00  8.0245018e-01 
   784 :  1.0873759e+00  8.0207868e-01 
   785 : -1.2723387e+00 -6.3580342e-01 
   786 :  4.9849508e-01 -2.7573461e-01 
   787 : -1.3733943e+00  5.0527613e-01 
   788 :  1.5824885e+00 -8.7331824e-02 
   789 : -1.5824870e+00  8.7463944e-02 
   790 :  5.3497261e-03  1.6481672e-01 
   791 : -5.4817082e-01  3.3882763e-01 
   792 : -2.1421150e-01  3.4762814e-02 
   793 : -7.4303653e-01  1.9051397e-01 
   794 : -1.0494279e+00 -1.7885738e-01 
   795 :  1.9228038e+00  6.1599483e-01 
   796 : -1.9225226e+00 -6.1111476e-01 
   797 :  6.9297259e-01  7.8028938e-01 
   798 : -6.9488740e-01  7.7942117e-01 
   799 : -1.4983895e+00  5.5377918e-01 
   800 :  1.4954676e+00  5.5349883e-01 
   801 : -3.1500535e-01 -9.2338642e-01 
   802 : -7.2168469e-01  6.8211184e-03 
   803 :  8.7178671e-01  8.1869707e-02 
   804 : -5.4766596e-01 -1.0182336e-01 
   805 : -4.9954282e-01 -7.1716781e-01 
   806 :  4.9841357e-01 -7.1873469e-01 
   807 :  8.2765949e-01  3.4712674e-01 
   808 :  1.3162263e+00  3.0715404e-01 
   809 : -8.8666598e-01  5.9210027e-01 
   810 :  1.3123716e+00  6.2624060e-01 
   811 : -1.1578342e+00  6.3013188e-01 
   812 : -1.7598819e+00 -2.4839473e-01 
   813 :  1.7599500e+00  2.4904233e-01 
   814 :  1.9192037e+00 -8.1162279e-01 
   815 : -1.9209538e+00  8.1288445e-01 
   816 :  1.9180166e+00  8.0825497e-01 
   817 : -1.9179827e+00 -8.0826799e-01 
   818 : -8.3900363e-01 -4.2522320e-01 
   819 :  1.7947205e+00  1.7554974e-01 
   820 : -1.7949648e+00 -1.7493874e-01 
   821 : -1.8261741e+00  4.0553710e-01 
   822 :  1.8260329e+00 -4.0554449e-01 
   823 :  9.5870329e-02 -5.6140957e-01 
   824 :  2.6723775e-01 -2.4489596e-01 
   825 :  1.2526930e+00  4.8297392e-01 
   826 : -1.1192278e+00  5.4875631e-01 
   827 :  1.1160586e+00 -6.2905040e-01 
   828 :  5.6553392e-01 -1.0815142e-01 
   829 :  9.5944180e-01 -5.7052329e-01 
   830 :  1.1551004e+00  6.4842756e-01 
   831 : -1.6870580e+00  2.0248478e-01 
   832 :  1.6870580e+00 -2.0248478e-01 
   833 : -1.4262616e+00  6.9458087e-01 
   834 :  1.4250415e+00  6.9426814e-01 
   835 : -1.9411724e+00  9.3985525e-01 
   836 :  1.9393457e+00 -9.3831754e-01 
   837 : -1.9393457e+00 -9.3831754e-01 
   838 :  1.9393457e+00  9.3831754e-01 
   839 : -1.7284057e+00  1.1739001e-01 
   840 :  1.7282067e+00 -1.1698678e-01 
   841 :  4.6923471e-01 -4.7321099e-02 
   842 :  2.7271961e-01 -1.0815817e-01 
   843 : -1.2471238e+00 -4.5991825e-01 
   844 : -1.5248534e-01  2.3855997e-01 
   845 : -3.9533361e-01  7.9891225e-01 
   846 : -3.0185289e-01  3.9162245e-01 
   847 :  5.5186268e-01  3.4166492e-01 
Number of triangles 1590 
     0 :    311    174    398 
     1 :    302    678    467 
     2 :     67    496    288 
     3 :     17    497    289 
     4 :    391    517    123 
     5 :    391    266    517 
     6 :    280    715    182 
     7 :    426    609    718 
     8 :    271    552    555 
     9 :    272    556    553 
    10 :    193    637    288 
    11 :    194    638    289 
    12 :    280    182    501 
    13 :    442    467    234 
    14 :     89    340    665 
    15 :    122    500    294 
    16 :    121    501    295 
    17 :    318    159    601 
    18 :    317    600    160 
    19 :    426    262    609 
    20 :    195    380    312 
    21 :    306    156    407 
    22 :    170    306    407 
    23 :    339    788    612 
    24 :    338    789    611 
    25 :    500    695    183 
    26 :    324    376    161 
    27 :    325    162    375 
    28 :    107    322    389 
    29 :    537    378    569 
    30 :    418    516    267 
    31 :    666    702    270 
    32 :    301    677    474 
    33 :    418    111    516 
    34 :    330    543    215 
    35 :    378    537    212 
    36 :    317    160    670 
    37 :    302    467    660 
    38 :     90    340     89 
    39 :    500    281    695 
    40 :    377    270    702 
    41 :    191    563    286 
    42 :    192    564    287 
    43 :    193    288    566 
    44 :    194    289    565 
    45 :    108    371    306 
    46 :    339    612    240 
    47 :    338    611    241 
    48 :    467    678    182 
    49 :    331    158    713 
    50 :    198    319    433 
    51 :     67    288    637 
    52 :     17    289    638 
    53 :    353    197    466 
    54 :    191    286    509 
    55 :    192    287    510 
    56 :    317    670    828 
    57 :    122    294    545 
    58 :    121    295    546 
    59 :    306    639    156 
    60 :    213    555    552 
    61 :    214    553    556 
    62 :    331    437    158 
    63 :    297    675    503 
    64 :    333    828    670 
    65 :    301    474    652 
    66 :    334    179    516 
    67 :    354    132    519 
    68 :    217    388    389 
    69 :    525    798    213 
    70 :    524    214    797 
    71 :    388    177    389 
    72 :    189    547    340 
    73 :    318    601    440 
    74 :    441    600    317 
    75 :     29    376    324 
    76 :     44    325    375 
    77 :    166    434    347 
    78 :    165    346    435 
    79 :    442    110    467 
    80 :     45    325     44 
    81 :     29    324     28 
    82 :    309    506    184 
    83 :     87    336     86 
    84 :    474    677    183 
    85 :    303    562    154 
    86 :      9    739    349 
    87 :     59    740    348 
    88 :    330    667    543 
    89 :    353    466    691 
    90 :    354    692    132 
    91 :    300    611    789 
    92 :    299    612    788 
    93 :    389    322    824 
    94 :     94     95    343 
    95 :     79    342     78 
    96 :    336     87    374 
    97 :     95    400    343 
    98 :     78    342    399 
    99 :    463    547    189 
   100 :    377    506    270 
   101 :    303    154    599 
   102 :    329    569    216 
   103 :    179    570    425 
   104 :    398    174    442 
   105 :      9    349      8 
   106 :     59    348     58 
   107 :     94    343    664 
   108 :     79    663    342 
   109 :    398    442    234 
   110 :    324    161    486 
   111 :    325    487    162 
   112 :    398    754    311 
   113 :    204    324    486 
   114 :    205    487    325 
   115 :    230    401    426 
   116 :    133    426    401 
   117 :    297    503    666 
   118 :    331    713    265 
   119 :    311    116    676 
   120 :    311    636    116 
   121 :    327    149    584 
   122 :    327    767    149 
   123 :    128    396    320 
   124 :    321    397    126 
   125 :    322    175    593 
   126 :    235    736    337 
   127 :    169    748    319 
   128 :    311    424    174 
   129 :    170    475    306 
   130 :    506    735    270 
   131 :    525    282    798 
   132 :    524    797    283 
   133 :    231    461    320 
   134 :    232    321    460 
   135 :    309    554    506 
   136 :    404    570    179 
   137 :    217    389    824 
   138 :    432     82    476 
   139 :    316    196    522 
   140 :    310    669    178 
   141 :    169    328    748 
   142 :    195    503    675 
   143 :    173    782    628 
   144 :    172    627    781 
   145 :    108    306    475 
   146 :    337    736    407 
   147 :    254    665    340 
   148 :    335    113    529 
   149 :    369    700    655 
   150 :    310    178    752 
   151 :     36     37    341 
   152 :    331    176    437 
   153 :    164    329    405 
   154 :    173    628    382 
   155 :    172    381    627 
   156 :    163    330    406 
   157 :    418    468    111 
   158 :    307     75    583 
   159 :    308    582     98 
   160 :    309    184    777 
   161 :    368    656    702 
   162 :    418    241    468 
   163 :    398    157    754 
   164 :    419    469    112 
   165 :    179    425    516 
   166 :     36    341    390 
   167 :    419    240    469 
   168 :    128    320    724 
   169 :    321    126    725 
   170 :    307    627     75 
   171 :    308     98    628 
   172 :    116    700    369 
   173 :    312    231    634 
   174 :    467    110    660 
   175 :    415    246    498 
   176 :    247    416    499 
   177 :    356    447    228 
   178 :    229    446    355 
   179 :    537    147    675 
   180 :    356    142    447 
   181 :    143    355    446 
   182 :    169    336    374 
   183 :    312    640    231 
   184 :    415    498    201 
   185 :    416    200    499 
   186 :    211    449    323 
   187 :    118    590    331 
   188 :    368    702    115 
   189 :    396    479    236 
   190 :    397    237    478 
   191 :    276    354    519 
   192 :    316    558    196 
   193 :    396    128    479 
   194 :    397    478    126 
   195 :    135    594    632 
   196 :    409     64    720 
   197 :     14    721    408 
   198 :     24    346     23 
   199 :     49     50    347 
   200 :    278    349    739 
   201 :    277    348    740 
   202 :    335    529    846 
   203 :    780    790    106 
   204 :    169    438    328 
   205 :    329    673    569 
   206 :    433    319    657 
   207 :    537    675    297 
   208 :    166    671    434 
   209 :    165    435    672 
   210 :    474    109    652 
   211 :    384    703    776 
   212 :    251    632    594 
   213 :     96    400     95 
   214 :     78    399     77 
   215 :    255    344    542 
   216 :    195    312    488 
   217 :     31     32    364 
   218 :     42    365     41 
   219 :    164    734    329 
   220 :    318    440    123 
   221 :    375    162    686 
   222 :    376    687    161 
   223 :    355    197    521 
   224 :    356    520    196 
   225 :    140    506    554 
   226 :    117    558    683 
   227 :    163    733    330 
   228 :    316    683    558 
   229 :    239    542    344 
   230 :    120    502    708 
   231 :    314    571    155 
   232 :    210    571    314 
   233 :    354    157    398 
   234 :    323    708    502 
   235 :    331    265    731 
   236 :     11     12    351 
   237 :     61     62    350 
   238 :    414    542    154 
   239 :    255    542    414 
   240 :    118    331    731 
   241 :    354    398    234 
   242 :     83    476     82 
   243 :    226    402    470 
   244 :    227    471    403 
   245 :    271    384    552 
   246 :    272    553    385 
   247 :    322    482    175 
   248 :    383    593    175 
   249 :    171    390    341 
   250 :    609    158    718 
   251 :    124    344    441 
   252 :    188    441    344 
   253 :    273    436    708 
   254 :    167    399    342 
   255 :    168    343    400 
   256 :     34    361     33 
   257 :    117    703    384 
   258 :    172    362    567 
   259 :    173    568    363 
   260 :    314    155    538 
   261 :    335    252    768 
   262 :    584    729    327 
   263 :    210    314    605 
   264 :    218    846    529 
   265 :    232    460    536 
   266 :    223    320    461 
   267 :    221    460    321 
   268 :    780    304    790 
   269 :    337    407    156 
   270 :    236    479    387 
   271 :    237    386    478 
   272 :     24    435    346 
   273 :    347    434     49 
   274 :     31    364    629 
   275 :     42    630    365 
   276 :     13     14    408 
   277 :     63     64    409 
   278 :    263    528    361 
   279 :    202    387    479 
   280 :    386    199    478 
   281 :     84    417    694 
   282 :    273    719    436 
   283 :    503    115    666 
   284 :    107    482    322 
   285 :     28    324    514 
   286 :     45    513    325 
   287 :    229    763    586 
   288 :     84     85    417 
   289 :    332    175    482 
   290 :    204    514    324 
   291 :    205    325    513 
   292 :    174    594    370 
   293 :    314    737    753 
   294 :    332    728    175 
   295 :    351    444     11 
   296 :     61    350    443 
   297 :    249    683    705 
   298 :     81     82    432 
   299 :     91     92    431 
   300 :     27    366     26 
   301 :     46     47    367 
   302 :    409    720    290 
   303 :    291    408    721 
   304 :    500    677    294 
   305 :    501    678    295 
   306 :    198    643    319 
   307 :    621    623    305 
   308 :    238    543    559 
   309 :    318    123    517 
   310 :     30    376     29 
   311 :     44    375     43 
   312 :    192    349    603 
   313 :    191    348    602 
   314 :    226    470    578 
   315 :    227    579    471 
   316 :    206    641    523 
   317 :    364    484    243 
   318 :    365    242    483 
   319 :    194    492    638 
   320 :    193    491    637 
   321 :    226    332    626 
   322 :    171    323    502 
   323 :    737    264    753 
   324 :    346    615     23 
   325 :    347     50    616 
   326 :    318    598    159 
   327 :     39    481     38 
   328 :    419    596    268 
   329 :    419    112    596 
   330 :    169    319    643 
   331 :    328    646    219 
   332 :    171    642    323 
   333 :    431     92    749 
   334 :    432    750     81 
   335 :    231    320    575 
   336 :    232    576    321 
   337 :    828    177    841 
   338 :    303    668    562 
   339 :    746    791    480 
   340 :    465    555    142 
   341 :    143    556    466 
   342 :    187    746    480 
   343 :    388    841    177 
   344 :    271    555    465 
   345 :    272    466    556 
   346 :    391    123    485 
   347 :    174    424    594 
   348 :    335    480    113 
   349 :    356    580    520 
   350 :    355    521    581 
   351 :    316    705    683 
   352 :    351    180    444 
   353 :    181    443    350 
   354 :    223    724    320 
   355 :    221    321    725 
   356 :    234    467    420 
   357 :    136    438    547 
   358 :    254    547    438 
   359 :    777    107    786 
   360 :    311    676    424 
   361 :    107    389    786 
   362 :    172    567    706 
   363 :    173    707    568 
   364 :    240    612    573 
   365 :    572    241    611 
   366 :    251    369    487 
   367 :    368    250    486 
   368 :    211    323    642 
   369 :    334    493    179 
   370 :    239    359    599 
   371 :     22    387     21 
   372 :     52    386     51 
   373 :    239    617    359 
   374 :    285    523    641 
   375 :    310    779    508 
   376 :    329    216    679 
   377 :    238    459    543 
   378 :     18    497     17 
   379 :     67     68    496 
   380 :     56    494     55 
   381 :      6    495      5 
   382 :    240    573    469 
   383 :    241    572    468 
   384 :    215    648    519 
   385 :    189    340    597 
   386 :    275    776    703 
   387 :    122    357    788 
   388 :    121    358    789 
   389 :    371    266    639 
   390 :    186    511    421 
   391 :    213    798    555 
   392 :    214    556    797 
   393 :    357    299    788 
   394 :    358    300    789 
   395 :    139    352    560 
   396 :     87     88    374 
   397 :    138    588    450 
   398 :    139    451    589 
   399 :    437    176    439 
   400 :    328    219    651 
   401 :    334    516    111 
   402 :    364    243    629 
   403 :    365    630    242 
   404 :    230    437    439 
   405 :    235    383    744 
   406 :     34    701    361 
   407 :    106    790    359 
   408 :    303    359    790 
   409 :    426    540    262 
   410 :    445    728    823 
   411 :    330    215    674 
   412 :    336    198    551 
   413 :    621    233    623 
   414 :    371    752    178 
   415 :    337    623    233 
   416 :    337    156    623 
   417 :    426    133    540 
   418 :    366    473    244 
   419 :    367    245    472 
   420 :    331    590    176 
   421 :    355    466    197 
   422 :    356    196    465 
   423 :    143    466    355 
   424 :    356    465    142 
   425 :     39    801    481 
   426 :    379    178    669 
   427 :    507    767    760 
   428 :    449    708    323 
   429 :    379    732    296 
   430 :    379    141    732 
   431 :    118    773    590 
   432 :    279    586    763 
   433 :    312    380    596 
   434 :    229    463    446 
   435 :    228    447    462 
   436 :    236    615    346 
   437 :    237    347    616 
   438 :    446    463    189 
   439 :    447    190    462 
   440 :    125    499    680 
   441 :    127    681    498 
   442 :    149    767    507 
   443 :    233    477    421 
   444 :    427    454    220 
   445 :    428    453    221 
   446 :    223    456    430 
   447 :    222    455    429 
   448 :    182    715    420 
   449 :    303    599    359 
   450 :    335    768    480 
   451 :    752    108    779 
   452 :     73     74    381 
   453 :     99    100    382 
   454 :    125    680    564 
   455 :    127    566    681 
   456 :    335    661    252 
   457 :    186    359    617 
   458 :     36    390     35 
   459 :    226    688    332 
   460 :    170    719    475 
   461 :    433    657    264 
   462 :    383    445    744 
   463 :    391    485    792 
   464 :    122    545    357 
   465 :    121    546    358 
   466 :    203    485    518 
   467 :    252    518    485 
   468 :    255    751    344 
   469 :    396    575    320 
   470 :    397    321    576 
   471 :    185    712    345 
   472 :    106    504    780 
   473 :    259    345    712 
   474 :    310    508    669 
   475 :    169    643    336 
   476 :    454    192    603 
   477 :    191    602    453 
   478 :     72    415     71 
   479 :    101    102    416 
   480 :    186    477    359 
   481 :     93     94    664 
   482 :     79     80    663 
   483 :    500    183    677 
   484 :    501    182    678 
   485 :     25    435     24 
   486 :     48     49    434 
   487 :    371    639    306 
   488 :     56    796    494 
   489 :      6    795    495 
   490 :    191    722    348 
   491 :    192    723    349 
   492 :    256    450    588 
   493 :    432    476    190 
   494 :    451    257    589 
   495 :    108    403    779 
   496 :    402    777    184 
   497 :    334    111    787 
   498 :    417    269    694 
   499 :    436    120    708 
   500 :    313    614    574 
   501 :    336    551     86 
   502 :    313    475    719 
   503 :    213    552    342 
   504 :    214    343    553 
   505 :    167    342    552 
   506 :    168    553    343 
   507 :    401    183    695 
   508 :    201    815    413 
   509 :    202    814    412 
   510 :    199    410    817 
   511 :    200    411    816 
   512 :    460    110    536 
   513 :    138    422    588 
   514 :    139    589    423 
   515 :    298    730    802 
   516 :    524     93    664 
   517 :    525    663     80 
   518 :     26    366    653 
   519 :    367     47    654 
   520 :    380    147    673 
   521 :    263    361    701 
   522 :    227    574    614 
   523 :    272    691    466 
   524 :    316    522    705 
   525 :    666    115    702 
   526 :    336    643    198 
   527 :    380    673    268 
   528 :    433    610    137 
   529 :    433    264    610 
   530 :    210    562    668 
   531 :    143    446    591 
   532 :    447    142    592 
   533 :    193    455    821 
   534 :    194    456    822 
   535 :    455    756    821 
   536 :    456    757    822 
   537 :    465    196    558 
   538 :    109    439    561 
   539 :    276    519    648 
   540 :    528    263    771 
   541 :    307    781    627 
   542 :    308    628    782 
   543 :    106    359    477 
   544 :    277    602    348 
   545 :    278    603    349 
   546 :    383    175    445 
   547 :    404    179    826 
   548 :    353    265    807 
   549 :    185    345    508 
   550 :    253    713    609 
   551 :    445    175    728 
   552 :    273    708    449 
   553 :    353    731    265 
   554 :    366    204    473 
   555 :    367    472    205 
   556 :    118    731    353 
   557 :    217    842    388 
   558 :    272    385    691 
   559 :    118    691    385 
   560 :    494    199    817 
   561 :    495    200    816 
   562 :    201    496    815 
   563 :    202    497    814 
   564 :    462    137    464 
   565 :    462    464    228 
   566 :    212    682    735 
   567 :    139    810    352 
   568 :    374    665    254 
   569 :    206    365    483 
   570 :    207    484    364 
   571 :    170    436    719 
   572 :    404    826    703 
   573 :    298    802    505 
   574 :    131    511    593 
   575 :    428    563    191 
   576 :    427    564    192 
   577 :    194    565    430 
   578 :    193    566    429 
   579 :    353    507    197 
   580 :    388    452    124 
   581 :    251    487    632 
   582 :    250    633    486 
   583 :    291    527    408 
   584 :    409    290    526 
   585 :    479    128    659 
   586 :    478    658    126 
   587 :    366    244    653 
   588 :    367    654    245 
   589 :    368    486    161 
   590 :    369    162    487 
   591 :    222    799    458 
   592 :    220    457    800 
   593 :    235    337    635 
   594 :    337    233    622 
   595 :    105    631    505 
   596 :    228    464    529 
   597 :    298    505    631 
   598 :    358    839    300 
   599 :    357    840    299 
   600 :    231    640    461 
   601 :    211    341    606 
   602 :    747    512    847 
   603 :    312    634    488 
   604 :    535    799    222 
   605 :    534    220    800 
   606 :    230    808    401 
   607 :    254    340    547 
   608 :    405    133    695 
   609 :    146    543    667 
   610 :     27    514    366 
   611 :    367    513     46 
   612 :    374    254    745 
   613 :    388    842    452 
   614 :    366    514    204 
   615 :    367    205    513 
   616 :    533    212    735 
   617 :    405    695    281 
   618 :    381    706    624 
   619 :    625    707    382 
   620 :    101    416    625 
   621 :     72    624    415 
   622 :    104    530    378 
   623 :    371    778    266 
   624 :    207    361    528 
   625 :    186    842    511 
   626 :    433    137    541 
   627 :    165    575    396 
   628 :    166    397    576 
   629 :    378    530    216 
   630 :    338    241    685 
   631 :    339    240    684 
   632 :    431    749    283 
   633 :    432    282    750 
   634 :     33    361    531 
   635 :    207    531    361 
   636 :    405    679    133 
   637 :    620    305    623 
   638 :    431    189    597 
   639 :    593    511    824 
   640 :    185    508    779 
   641 :    276    794    354 
   642 :    354    794    157 
   643 :    565    659    128 
   644 :    563    126    658 
   645 :    284    823    728 
   646 :    188    344    751 
   647 :    251    594    424 
   648 :    172    833    362 
   649 :    173    363    834 
   650 :    251    676    369 
   651 :    116    369    676 
   652 :    296    732    696 
   653 :    592    142    798 
   654 :    143    591    797 
   655 :    186    421    477 
   656 :    163    406    774 
   657 :    164    405    775 
   658 :    211    642    341 
   659 :    209    350    550 
   660 :    208    351    549 
   661 :    209    761    350 
   662 :    208    762    351 
   663 :    402    184    470 
   664 :    185    403    471 
   665 :    588    422    781 
   666 :    423    589    782 
   667 :     90    597    340 
   668 :    428    191    453 
   669 :    427    192    454 
   670 :    193    429    455 
   671 :    194    430    456 
   672 :    351     12    549 
   673 :    350     62    550 
   674 :    213    342    663 
   675 :    214    664    343 
   676 :    380    675    147 
   677 :    351    762    180 
   678 :    181    350    761 
   679 :    537    569    147 
   680 :    401    474    183 
   681 :    364     32    531 
   682 :    124    452    697 
   683 :    171    502    448 
   684 :    284    448    502 
   685 :    520    292    522 
   686 :    520    522    196 
   687 :     37    606    341 
   688 :    249    705    515 
   689 :    207    364    531 
   690 :    474    401    808 
   691 :    278    739    444 
   692 :    277    740    443 
   693 :    458    111    468 
   694 :    390    701     35 
   695 :    182    420    467 
   696 :    225    561    352 
   697 :    165    743    346 
   698 :    166    347    742 
   699 :    127    362    535 
   700 :    125    534    363 
   701 :    377    184    506 
   702 :    222    458    468 
   703 :    171    341    642 
   704 :     60     61    443 
   705 :     10     11    444 
   706 :    124    697    344 
   707 :    164    419    734 
   708 :    414    154    587 
   709 :    232    536    370 
   710 :    259    700    345 
   711 :    406    132    715 
   712 :    165    392    575 
   713 :    166    576    393 
   714 :    461    112    469 
   715 :    231    575    392 
   716 :    232    393    576 
   717 :    140    735    506 
   718 :    239    344    697 
   719 :    280    406    715 
   720 :    253    548    713 
   721 :    357    545    180 
   722 :    181    358    546 
   723 :    206    716    365 
   724 :    223    461    469 
   725 :    406    674    132 
   726 :    163    418    733 
   727 :    607    641    145 
   728 :    146    667    425 
   729 :    188    512    747 
   730 :    357    180    762 
   731 :    181    761    358 
   732 :    134    473    633 
   733 :    135    632    472 
   734 :    104    378    532 
   735 :    267    425    667 
   736 :      8    349    723 
   737 :    348    722     58 
   738 :    561    439    825 
   739 :    374     88    665 
   740 :    378    212    532 
   741 :    216    530    540 
   742 :    530    262    540 
   743 :    247    625    416 
   744 :    415    624    246 
   745 :    259    655    700 
   746 :    633    827    134 
   747 :    484    806    129 
   748 :    483    130    805 
   749 :    246    624    706 
   750 :    247    707    625 
   751 :    390    263    701 
   752 :    381    624     73 
   753 :    100    625    382 
   754 :    332    482    626 
   755 :    379    296    598 
   756 :    248    696    732 
   757 :    210    605    360 
   758 :    200    759    411 
   759 :    201    413    758 
   760 :    415    201    758 
   761 :    416    759    200 
   762 :    229    355    581 
   763 :    356    228    580 
   764 :    529    580    228 
   765 :    223    573    456 
   766 :    455    222    572 
   767 :    368    829    250 
   768 :    368    161    656 
   769 :    369    655    162 
   770 :    210    360    562 
   771 :    619    660    221 
   772 :    380    268    596 
   773 :    203    792    485 
   774 :    477    233    621 
   775 :    258    702    656 
   776 :    225    352    810 
   777 :    441    841    124 
   778 :    441    317    841 
   779 :    620    623    156 
   780 :    569    673    147 
   781 :     53    410    709 
   782 :     20    710    412 
   783 :    236    346    743 
   784 :    237    742    347 
   785 :    484    690    243 
   786 :    483    242    689 
   787 :    578    129    806 
   788 :    579    805    130 
   789 :    618    652    220 
   790 :    177    828    554 
   791 :    207    528    395 
   792 :    582    589    257 
   793 :    256    588    583 
   794 :    174    370    843 
   795 :    127    567    362 
   796 :    125    363    568 
   797 :    308    589    582 
   798 :    307    583    588 
   799 :    377    711    184 
   800 :    202    710    387 
   801 :    386    709    199 
   802 :    258    711    377 
   803 :    191    509    722 
   804 :    192    510    723 
   805 :    305    504    621 
   806 :    617    697    452 
   807 :    540    133    679 
   808 :    118    353    691 
   809 :    219    587    360 
   810 :    417    551    198 
   811 :    353    807    507 
   812 :    386    616     51 
   813 :     22    615    387 
   814 :    123    440    577 
   815 :    372    656    161 
   816 :    373    162    655 
   817 :    237    616    386 
   818 :    236    387    615 
   819 :    354    234    692 
   820 :    538    737    314 
   821 :    119    360    605 
   822 :    278    444    819 
   823 :    277    443    820 
   824 :    219    360    651 
   825 :    146    559    543 
   826 :    375    630     43 
   827 :     30    629    376 
   828 :    375    242    630 
   829 :    376    629    243 
   830 :    527    291    757 
   831 :    526    290    756 
   832 :    494    658    199 
   833 :    202    659    497 
   834 :     76    583     75 
   835 :     97     98    582 
   836 :    395    528    144 
   837 :    117    809    558 
   838 :    146    425    570 
   839 :    305    620    391 
   840 :    267    516    425 
   841 :    131    421    511 
   842 :    494    286    658 
   843 :    497    659    289 
   844 :    108    574    403 
   845 :    224    362    833 
   846 :    225    834    363 
   847 :    279    608    414 
   848 :    227    403    574 
   849 :    470    129    578 
   850 :    471    579    130 
   851 :    206    394    641 
   852 :    541    137    714 
   853 :    405    281    775 
   854 :    280    774    406 
   855 :     13    408    549 
   856 :    409    550     63 
   857 :    661    846    155 
   858 :    125    427    534 
   859 :    127    535    429 
   860 :    427    220    534 
   861 :    222    429    535 
   862 :    584    253    803 
   863 :    205    632    487 
   864 :    204    486    633 
   865 :    202    412    710 
   866 :    199    709    410 
   867 :     85    551    417 
   868 :    373    689    686 
   869 :    372    687    690 
   870 :    119    651    360 
   871 :    454    618    220 
   872 :    221    453    619 
   873 :    136    547    463 
   874 :    187    577    440 
   875 :    135    370    594 
   876 :    409    526    209 
   877 :    208    408    527 
   878 :    139    560    830 
   879 :     52     53    709 
   880 :     20     21    710 
   881 :     41    365    716 
   882 :    135    785    370 
   883 :     21    387    710 
   884 :     52    709    386 
   885 :    224    799    362 
   886 :    225    363    800 
   887 :    167    552    384 
   888 :    168    385    553 
   889 :    131    383    635 
   890 :    235    635    383 
   891 :    372    161    687 
   892 :    373    686    162 
   893 :    419    268    734 
   894 :     16    492     15 
   895 :     66    491     65 
   896 :    378    216    569 
   897 :    517    178    804 
   898 :    831    839    526 
   899 :    832    840    527 
   900 :    418    267    733 
   901 :    508    141    669 
   902 :    209    526    839 
   903 :    208    527    840 
   904 :    519    132    674 
   905 :    485    123    577 
   906 :    333    554    828 
   907 :    164    684    419 
   908 :    449    607    145 
   909 :    368    115    829 
   910 :    538    155    846 
   911 :    163    685    418 
   912 :    273    449    693 
   913 :    449    145    693 
   914 :    229    581    763 
   915 :    417    198    541 
   916 :    417    541    269 
   917 :    636    754    260 
   918 :    518    780    203 
   919 :    232    370    785 
   920 :    339    684    775 
   921 :    338    685    774 
   922 :    738    345    818 
   923 :    619    302    660 
   924 :    607    285    641 
   925 :    780    518    844 
   926 :    618    301    652 
   927 :    312    596    640 
   928 :    177    554    786 
   929 :    187    440    601 
   930 :    441    188    600 
   931 :    112    640    596 
   932 :    371    178    778 
   933 :    409    209    550 
   934 :    208    549    408 
   935 :    544    260    754 
   936 :    334    787    585 
   937 :    131    593    383 
   938 :    539    219    646 
   939 :     45     46    513 
   940 :     27     28    514 
   941 :    828    841    317 
   942 :    318    517    804 
   943 :     75    627     74 
   944 :     99    628     98 
   945 :    243    690    687 
   946 :    242    686    689 
   947 :    226    578    395 
   948 :    227    394    579 
   949 :     70    758    413 
   950 :    103    411    759 
   951 :    560    825    176 
   952 :    238    559    515 
   953 :    352    825    560 
   954 :    249    515    559 
   955 :    315    584    803 
   956 :    442    536    110 
   957 :     60    443    740 
   958 :     10    444    739 
   959 :    371    108    752 
   960 :     85     86    551 
   961 :    249    570    404 
   962 :    433    541    198 
   963 :     13    549     12 
   964 :     63    550     62 
   965 :    532    533    261 
   966 :    738    818    260 
   967 :    532    212    533 
   968 :    495    680    200 
   969 :    201    681    496 
   970 :    285    481    801 
   971 :    120    823    502 
   972 :    164    775    684 
   973 :    163    774    685 
   974 :    333    717    554 
   975 :    140    554    717 
   976 :    470    764    129 
   977 :    471    130    765 
   978 :    495    287    680 
   979 :    496    681    288 
   980 :    414    587    741 
   981 :    168    400    784 
   982 :    167    783    399 
   983 :    381     74    627 
   984 :     99    382    628 
   985 :     67    637     66 
   986 :     16     17    638 
   987 :    495    795    287 
   988 :    494    796    286 
   989 :    379    804    178 
   990 :     32     33    531 
   991 :    218    529    464 
   992 :    601    746    187 
   993 :    600    188    747 
   994 :    169    374    745 
   995 :    388    124    841 
   996 :    328    438    646 
   997 :    373    655    765 
   998 :    372    764    656 
   999 :    259    765    655 
  1000 :    258    656    764 
  1001 :    171    770    390 
  1002 :    114    581    521 
  1003 :    520    580    113 
  1004 :    125    564    427 
  1005 :    428    126    563 
  1006 :    128    430    565 
  1007 :    127    429    566 
  1008 :    394    614    145 
  1009 :    227    614    394 
  1010 :    134    634    392 
  1011 :    666    682    297 
  1012 :    249    404    683 
  1013 :    117    683    404 
  1014 :    215    459    648 
  1015 :    231    392    634 
  1016 :    375    686    242 
  1017 :    376    243    687 
  1018 :    271    809    384 
  1019 :    224    585    787 
  1020 :    117    384    809 
  1021 :    747    847    293 
  1022 :    114    512    608 
  1023 :    255    608    512 
  1024 :    218    464    610 
  1025 :    752    779    310 
  1026 :    573    612    152 
  1027 :    572    611    153 
  1028 :    391    620    266 
  1029 :    379    669    141 
  1030 :    258    377    702 
  1031 :    330    674    406 
  1032 :     37     38    606 
  1033 :    284    755    448 
  1034 :    448    755    144 
  1035 :    195    675    380 
  1036 :    435    244    672 
  1037 :    434    671    245 
  1038 :    138    585    422 
  1039 :    296    696    505 
  1040 :    167    384    776 
  1041 :    613    631    238 
  1042 :    139    830    451 
  1043 :    224    422    585 
  1044 :    490    295    727 
  1045 :    489    294    726 
  1046 :    390    770    263 
  1047 :    168    772    385 
  1048 :    226    395    688 
  1049 :    434    654     48 
  1050 :     25    653    435 
  1051 :    490    727    151 
  1052 :    489    726    150 
  1053 :    118    385    773 
  1054 :    428    221    725 
  1055 :    223    430    724 
  1056 :    309    777    786 
  1057 :    434    245    654 
  1058 :    435    653    244 
  1059 :    215    543    459 
  1060 :    220    652    457 
  1061 :    394    145    641 
  1062 :    460    221    660 
  1063 :     38    481    606 
  1064 :    402    626    107 
  1065 :     91    431    597 
  1066 :    489    545    294 
  1067 :    490    546    295 
  1068 :    172    706    381 
  1069 :    173    382    707 
  1070 :    232    785    393 
  1071 :    431    591    189 
  1072 :    432    190    592 
  1073 :    431    283    591 
  1074 :    432    592    282 
  1075 :    456    573    152 
  1076 :    455    572    153 
  1077 :    313    574    475 
  1078 :    255    414    608 
  1079 :     77    399    645 
  1080 :    400     96    644 
  1081 :    489    180    545 
  1082 :    181    546    490 
  1083 :    211    606    481 
  1084 :    256    645    399 
  1085 :    257    400    644 
  1086 :    211    481    607 
  1087 :    285    607    481 
  1088 :    244    473    698 
  1089 :    245    699    472 
  1090 :    226    626    402 
  1091 :    389    177    786 
  1092 :    396    236    743 
  1093 :    397    742    237 
  1094 :    491    720     65 
  1095 :    492    721     15 
  1096 :    225    457    561 
  1097 :    138    450    811 
  1098 :    131    622    421 
  1099 :    233    421    622 
  1100 :     70     71    758 
  1101 :    103    759    102 
  1102 :    329    679    405 
  1103 :    315    729    584 
  1104 :    613    298    631 
  1105 :    166    393    671 
  1106 :    165    672    392 
  1107 :    493    334    585 
  1108 :    305    391    792 
  1109 :    186    452    842 
  1110 :    457    109    561 
  1111 :     41    716     40 
  1112 :    224    833    422 
  1113 :    225    423    834 
  1114 :    225    810    423 
  1115 :    134    392    698 
  1116 :    271    465    558 
  1117 :    276    557    704 
  1118 :    206    523    716 
  1119 :    395    144    688 
  1120 :    206    805    394 
  1121 :    207    395    806 
  1122 :    527    757    152 
  1123 :    153    526    756 
  1124 :    711    764    470 
  1125 :    712    471    765 
  1126 :    136    463    586 
  1127 :    230    426    718 
  1128 :    222    468    572 
  1129 :    223    469    573 
  1130 :    135    699    785 
  1131 :    170    407    736 
  1132 :    165    396    743 
  1133 :    166    742    397 
  1134 :    446    189    591 
  1135 :    447    592    190 
  1136 :    393    785    699 
  1137 :    246    567    498 
  1138 :    247    499    568 
  1139 :    571    668    304 
  1140 :    571    210    668 
  1141 :    127    498    567 
  1142 :    125    568    499 
  1143 :    108    475    574 
  1144 :    462    190    845 
  1145 :    309    786    554 
  1146 :    133    401    695 
  1147 :    444    180    819 
  1148 :    181    820    443 
  1149 :    539    586    279 
  1150 :    151    619    453 
  1151 :    454    150    618 
  1152 :    600    729    160 
  1153 :    492    822    721 
  1154 :    491    821    720 
  1155 :    327    729    600 
  1156 :      7      8    723 
  1157 :     58    722     57 
  1158 :    601    326    746 
  1159 :    327    600    747 
  1160 :     70    413    835 
  1161 :     20    412    836 
  1162 :     53    837    410 
  1163 :    103    838    411 
  1164 :    136    646    438 
  1165 :    256    399    783 
  1166 :    257    784    400 
  1167 :    230    718    437 
  1168 :    117    404    703 
  1169 :    234    420    692 
  1170 :    229    586    463 
  1171 :    689    765    130 
  1172 :    690    129    764 
  1173 :    373    765    689 
  1174 :    372    690    764 
  1175 :     91    597     90 
  1176 :    248    595    544 
  1177 :    402    107    777 
  1178 :    418    685    241 
  1179 :    544    595    260 
  1180 :    185    779    403 
  1181 :     39     40    801 
  1182 :    601    159    730 
  1183 :    601    730    326 
  1184 :    211    607    449 
  1185 :    109    808    439 
  1186 :    419    684    240 
  1187 :    458    787    111 
  1188 :    252    485    577 
  1189 :     56     57    796 
  1190 :      6      7    795 
  1191 :    461    640    112 
  1192 :    477    621    106 
  1193 :    151    453    602 
  1194 :    454    603    150 
  1195 :    604    609    262 
  1196 :    609    713    158 
  1197 :    277    812    602 
  1198 :    278    813    603 
  1199 :     40    716    523 
  1200 :    149    548    584 
  1201 :    415    758     71 
  1202 :    102    759    416 
  1203 :    253    584    548 
  1204 :     54    410    837 
  1205 :      4    411    838 
  1206 :     69    835    413 
  1207 :    412     19    836 
  1208 :    251    424    676 
  1209 :    537    297    682 
  1210 :    170    736    436 
  1211 :    186    617    452 
  1212 :    436    744    120 
  1213 :     54    817    410 
  1214 :      4    816    411 
  1215 :     69    413    815 
  1216 :    412    814     19 
  1217 :    132    692    420 
  1218 :    279    414    741 
  1219 :    619    727    302 
  1220 :    618    726    301 
  1221 :    530    604    262 
  1222 :    137    610    464 
  1223 :    529    113    580 
  1224 :    159    802    730 
  1225 :    167    776    450 
  1226 :    541    714    269 
  1227 :    275    450    776 
  1228 :    168    451    772 
  1229 :    105    459    631 
  1230 :    274    772    451 
  1231 :    276    704    794 
  1232 :    238    631    459 
  1233 :    132    420    715 
  1234 :    493    585    138 
  1235 :    746    292    791 
  1236 :    249    559    570 
  1237 :     22     23    615 
  1238 :     51    616     50 
  1239 :    559    146    570 
  1240 :    428    725    126 
  1241 :    128    724    430 
  1242 :    139    423    810 
  1243 :    598    296    802 
  1244 :      7    723    510 
  1245 :     57    722    509 
  1246 :    203    504    792 
  1247 :    305    792    504 
  1248 :    120    744    445 
  1249 :    105    557    648 
  1250 :    279    763    608 
  1251 :    619    151    727 
  1252 :    618    150    726 
  1253 :    276    648    557 
  1254 :     72     73    624 
  1255 :    101    625    100 
  1256 :    542    599    154 
  1257 :    488    134    827 
  1258 :     30     31    629 
  1259 :     42     43    630 
  1260 :     57    509    796 
  1261 :      7    510    795 
  1262 :    666    270    682 
  1263 :    238    515    613 
  1264 :    560    176    590 
  1265 :    474    808    109 
  1266 :    205    472    632 
  1267 :    473    204    633 
  1268 :    482    107    626 
  1269 :    508    345    738 
  1270 :    760    767    293 
  1271 :    169    745    438 
  1272 :    254    438    745 
  1273 :    539    136    586 
  1274 :     40    523    801 
  1275 :    105    648    459 
  1276 :    437    718    158 
  1277 :    457    652    109 
  1278 :    525    213    663 
  1279 :    524    664    214 
  1280 :    148    705    522 
  1281 :    436    736    235 
  1282 :     76     77    645 
  1283 :     97    644     96 
  1284 :    436    235    744 
  1285 :    104    532    647 
  1286 :    532    261    647 
  1287 :    460    660    110 
  1288 :    176    825    439 
  1289 :     26    653     25 
  1290 :     48    654     47 
  1291 :    488    634    134 
  1292 :    604    253    609 
  1293 :    275    811    450 
  1294 :    230    439    808 
  1295 :     84    694     83 
  1296 :    577    187    768 
  1297 :     80     81    750 
  1298 :     93    749     92 
  1299 :    106    621    504 
  1300 :    442    174    843 
  1301 :    148    613    515 
  1302 :     89    665     88 
  1303 :    339    649    788 
  1304 :    338    650    789 
  1305 :    122    788    649 
  1306 :    121    789    650 
  1307 :    274    590    773 
  1308 :     16    638    492 
  1309 :     66    637    491 
  1310 :    135    472    699 
  1311 :    134    698    473 
  1312 :    104    604    530 
  1313 :    476     83    694 
  1314 :    478    199    658 
  1315 :    202    479    659 
  1316 :    682    270    735 
  1317 :    307    588    781 
  1318 :    308    782    589 
  1319 :    105    505    696 
  1320 :    284    502    823 
  1321 :    280    501    650 
  1322 :    500    649    281 
  1323 :    120    445    823 
  1324 :    562    360    587 
  1325 :    562    587    154 
  1326 :    171    448    770 
  1327 :    448    144    771 
  1328 :    122    649    500 
  1329 :    121    650    501 
  1330 :    333    670    717 
  1331 :    670    261    717 
  1332 :    522    292    766 
  1333 :      5    816      4 
  1334 :     54     55    817 
  1335 :     18     19    814 
  1336 :     69    815     68 
  1337 :    148    522    766 
  1338 :    239    599    542 
  1339 :    518    661    155 
  1340 :    252    661    518 
  1341 :    332    688    755 
  1342 :    195    488    662 
  1343 :     34     35    701 
  1344 :    462    714    137 
  1345 :    274    560    590 
  1346 :      3    835     69 
  1347 :      1    836     19 
  1348 :     54    837      2 
  1349 :      0      4    838 
  1350 :    517    778    178 
  1351 :    256    783    450 
  1352 :    451    784    257 
  1353 :    219    741    587 
  1354 :    167    450    783 
  1355 :    470    184    711 
  1356 :    185    471    712 
  1357 :    168    784    451 
  1358 :    476    694    269 
  1359 :     15    721     14 
  1360 :     64     65    720 
  1361 :    455    153    756 
  1362 :    456    152    757 
  1363 :    483    689    130 
  1364 :    484    129    690 
  1365 :    217    824    511 
  1366 :    250    503    662 
  1367 :    539    646    136 
  1368 :    195    662    503 
  1369 :    224    787    458 
  1370 :    274    451    830 
  1371 :    224    458    799 
  1372 :    225    800    457 
  1373 :      9     10    739 
  1374 :     59     60    740 
  1375 :    462    845    714 
  1376 :    688    144    755 
  1377 :    187    480    768 
  1378 :    508    738    141 
  1379 :    651    119    748 
  1380 :    328    651    748 
  1381 :      2    837     53 
  1382 :      0    838    103 
  1383 :     70    835      3 
  1384 :      1     20    836 
  1385 :    528    771    144 
  1386 :    781    422    833 
  1387 :    782    834    423 
  1388 :    172    781    833 
  1389 :    173    834    782 
  1390 :    201    498    681 
  1391 :    499    200    680 
  1392 :    248    732    595 
  1393 :    330    733    667 
  1394 :    667    733    267 
  1395 :    218    610    737 
  1396 :    539    741    219 
  1397 :    539    279    741 
  1398 :    520    113    791 
  1399 :    520    791    292 
  1400 :    283    797    591 
  1401 :    282    592    798 
  1402 :    525     80    750 
  1403 :    524    749     93 
  1404 :    105    696    557 
  1405 :    647    261    769 
  1406 :    329    734    673 
  1407 :    673    734    268 
  1408 :    476    269    845 
  1409 :    248    544    704 
  1410 :    215    519    674 
  1411 :    113    480    791 
  1412 :    476    845    190 
  1413 :    304    668    790 
  1414 :    488    827    662 
  1415 :    670    769    261 
  1416 :    197    507    760 
  1417 :    503    829    115 
  1418 :    248    704    557 
  1419 :    148    515    705 
  1420 :    206    483    805 
  1421 :    207    806    484 
  1422 :    657    319    748 
  1423 :    119    657    748 
  1424 :    613    793    298 
  1425 :    287    564    680 
  1426 :    566    288    681 
  1427 :    490    151    812 
  1428 :    489    150    813 
  1429 :    286    563    658 
  1430 :    289    659    565 
  1431 :    298    793    730 
  1432 :    247    568    707 
  1433 :    567    246    706 
  1434 :    537    682    212 
  1435 :    534    800    363 
  1436 :    535    362    799 
  1437 :    489    819    180 
  1438 :    181    490    820 
  1439 :    193    821    491 
  1440 :    194    822    492 
  1441 :    188    751    512 
  1442 :    149    507    807 
  1443 :    540    679    216 
  1444 :    598    802    159 
  1445 :    583     76    645 
  1446 :     97    582    644 
  1447 :    521    197    760 
  1448 :    614    313    693 
  1449 :    614    693    145 
  1450 :    620    156    639 
  1451 :    620    639    266 
  1452 :    582    257    644 
  1453 :    256    583    645 
  1454 :    493    138    811 
  1455 :    337    622    635 
  1456 :    493    826    179 
  1457 :    533    717    261 
  1458 :    533    140    717 
  1459 :    255    512    751 
  1460 :    203    780    504 
  1461 :    517    266    778 
  1462 :    352    561    825 
  1463 :    131    635    622 
  1464 :    494    817     55 
  1465 :      5    495    816 
  1466 :     18    814    497 
  1467 :    496     68    815 
  1468 :    296    505    802 
  1469 :    720    821    290 
  1470 :    721    822    291 
  1471 :    287    795    510 
  1472 :    286    796    509 
  1473 :    250    829    503 
  1474 :    604    803    253 
  1475 :    264    657    753 
  1476 :    114    521    847 
  1477 :    521    293    847 
  1478 :    339    775    649 
  1479 :    338    774    650 
  1480 :    114    608    763 
  1481 :    533    735    140 
  1482 :    524    283    749 
  1483 :    525    750    282 
  1484 :    521    760    293 
  1485 :    544    157    704 
  1486 :    248    557    696 
  1487 :    538    218    737 
  1488 :    335    846    661 
  1489 :    780    844    304 
  1490 :    217    511    842 
  1491 :    548    265    713 
  1492 :    536    843    370 
  1493 :    114    847    512 
  1494 :    672    244    698 
  1495 :    671    699    245 
  1496 :    271    558    809 
  1497 :    141    738    595 
  1498 :    671    393    699 
  1499 :    672    698    392 
  1500 :    311    754    636 
  1501 :    285    801    523 
  1502 :    518    155    844 
  1503 :    273    693    719 
  1504 :    313    719    693 
  1505 :    832    299    840 
  1506 :    831    300    839 
  1507 :    527    152    832 
  1508 :    153    831    526 
  1509 :    544    754    157 
  1510 :    617    239    697 
  1511 :    290    821    756 
  1512 :    291    822    757 
  1513 :    149    807    548 
  1514 :    536    442    843 
  1515 :    104    647    803 
  1516 :    315    803    647 
  1517 :    571    844    155 
  1518 :    571    304    844 
  1519 :    274    830    560 
  1520 :    538    846    218 
  1521 :    301    726    677 
  1522 :    302    727    678 
  1523 :    605    753    119 
  1524 :    605    314    753 
  1525 :    548    807    265 
  1526 :    577    768    252 
  1527 :    141    595    732 
  1528 :    114    763    581 
  1529 :    142    555    798 
  1530 :    143    797    556 
  1531 :    636    818    116 
  1532 :    595    738    260 
  1533 :    602    812    151 
  1534 :    603    813    150 
  1535 :    395    578    806 
  1536 :    394    805    579 
  1537 :    610    264    737 
  1538 :    318    804    598 
  1539 :    379    598    804 
  1540 :    358    761    839 
  1541 :    357    762    840 
  1542 :    258    764    711 
  1543 :    259    712    765 
  1544 :    209    839    761 
  1545 :    208    840    762 
  1546 :    633    250    827 
  1547 :    275    703    826 
  1548 :    326    766    746 
  1549 :    327    747    767 
  1550 :    746    766    292 
  1551 :    747    293    767 
  1552 :    770    771    263 
  1553 :    636    260    818 
  1554 :    448    771    770 
  1555 :    700    116    818 
  1556 :    250    662    827 
  1557 :    729    769    160 
  1558 :    315    769    729 
  1559 :    104    803    604 
  1560 :    593    824    322 
  1561 :    300    831    611 
  1562 :    299    832    612 
  1563 :    153    611    831 
  1564 :    612    832    152 
  1565 :    613    148    793 
  1566 :    332    755    728 
  1567 :    678    727    295 
  1568 :    677    726    294 
  1569 :    119    753    657 
  1570 :    315    647    769 
  1571 :    326    730    793 
  1572 :    280    650    774 
  1573 :    649    775    281 
  1574 :    160    769    670 
  1575 :    704    157    794 
  1576 :    303    790    668 
  1577 :    326    793    766 
  1578 :    148    766    793 
  1579 :    284    728    755 
  1580 :    275    826    811 
  1581 :    493    811    826 
  1582 :    385    772    773 
  1583 :    274    773    772 
  1584 :    700    818    345 
  1585 :    714    845    269 
  1586 :    490    812    820 
  1587 :    489    813    819 
  1588 :    277    820    812 
  1589 :    278    819    813 
