Number of nodes 26 
     0 :  2.0000000e+00  1.0000000e+00 
     1 :  2.0000000e+00 -1.0000000e+00 
     2 : -2.0000000e+00 -1.0000000e+00 
     3 : -2.0000000e+00  1.0000000e+00 
     4 :  2.0000000e+00  2.7562397e-12 
     5 :  1.2000000e+00 -1.0000000e+00 
     6 :  4.0000000e-01 -1.0000000e+00 
     7 : -4.0000000e-01 -1.0000000e+00 
     8 : -1.2000000e+00 -1.0000000e+00 
     9 : -2.0000000e+00 -2.7562397e-12 
    10 : -1.2000000e+00  1.0000000e+00 
    11 : -4.0000000e-01  1.0000000e+00 
    12 :  4.0000000e-01  1.0000000e+00 
    13 :  1.2000000e+00  1.0000000e+00 
    14 :  7.4936438e-01  6.0366370e-03 
    15 : -7.5455918e-01  1.8878345e-02 
    16 :  4.3276973e-03 -3.4453615e-01 
    17 :  3.8057323e-04  4.1208200e-01 
    18 : -1.3657304e+00  3.6035638e-01 
    19 : -1.3697397e+00 -3.6132028e-01 
    20 :  1.3767814e+00 -3.6182367e-01 
    21 :  1.3634868e+00  3.5984271e-01 
    22 :  7.7213768e-01  5.6361054e-01 
    23 : -7.6266282e-01 -5.5159708e-01 
    24 :  7.6406313e-01 -5.5337642e-01 
    25 : -7.6727456e-01  5.6564939e-01 
Number of triangles 36 
     0 :     16     17     14 
     1 :     15     17     16 
     2 :      7     16      6 
     3 :      9     19      2 
     4 :      0      4     21 
     5 :     14     17     22 
     6 :     15     25     17 
     7 :      1     20      4 
     8 :      9      3     18 
     9 :      0     21     13 
    10 :      2     19      8 
    11 :      6     16     24 
    12 :     16     14     24 
    13 :      7     23     16 
    14 :     15     16     23 
    15 :      3     10     18 
    16 :      5     20      1 
    17 :     12     17     11 
    18 :     12     22     17 
    19 :     11     17     25 
    20 :      7      8     23 
    21 :     12     13     22 
    22 :     11     25     10 
    23 :      5      6     24 
    24 :     20     14     21 
    25 :     15     19     18 
    26 :     18     10     25 
    27 :      5     24     20 
    28 :     20     24     14 
    29 :     15     18     25 
    30 :     14     22     21 
    31 :     15     23     19 
    32 :     13     21     22 
    33 :     19     23      8 
    34 :      9     18     19 
    35 :     20     21      4 
