Number of nodes 18 
     0 :  2.0000000e+00  1.0000000e+00 
     1 :  2.0000000e+00 -1.0000000e+00 
     2 : -2.0000000e+00 -1.0000000e+00 
     3 : -2.0000000e+00  1.0000000e+00 
     4 :  2.0000000e+00  2.7565727e-12 
     5 :  1.0000000e+00 -1.0000000e+00 
     6 :  5.5131455e-12 -1.0000000e+00 
     7 : -1.0000000e+00 -1.0000000e+00 
     8 : -2.0000000e+00 -2.7565727e-12 
     9 : -1.0000000e+00  1.0000000e+00 
    10 : -5.5131455e-12  1.0000000e+00 
    11 :  1.0000000e+00  1.0000000e+00 
    12 : -5.5885551e-01 -6.4745528e-03 
    13 :  5.9507275e-01  1.1739418e-02 
    14 : -1.3338889e+00  2.9944444e-01 
    15 :  1.3618820e+00 -3.1330320e-01 
    16 :  1.3898754e+00  3.6765322e-01 
    17 : -1.3791667e+00 -3.7916667e-01 
Number of triangles 22 
     0 :     12     10     13 
     1 :     12     13      6 
     2 :     11     13     10 
     3 :      5      6     13 
     4 :      7     12      6 
     5 :      9     10     12 
     6 :      7     17     12 
     7 :      8      3     14 
     8 :      9     14      3 
     9 :      9     12     14 
    10 :     11     16     13 
    11 :      4      1     15 
    12 :      5     13     15 
    13 :      5     15      1 
    14 :     14     12     17 
    15 :     11      0     16 
    16 :      4     16      0 
    17 :      7      2     17 
    18 :      8     17      2 
    19 :     13     16     15 
    20 :      8     14     17 
    21 :      4     15     16 
