Number of nodes 55 
     0 :  2.0000000e+00  1.0000000e+00 
     1 :  2.0000000e+00 -1.0000000e+00 
     2 : -2.0000000e+00 -1.0000000e+00 
     3 : -2.0000000e+00  1.0000000e+00 
     4 :  2.0000000e+00  5.0000000e-01 
     5 :  2.0000000e+00  2.7565727e-12 
     6 :  2.0000000e+00 -5.0000000e-01 
     7 :  1.5000000e+00 -1.0000000e+00 
     8 :  1.0000000e+00 -1.0000000e+00 
     9 :  5.0000000e-01 -1.0000000e+00 
    10 :  5.5131455e-12 -1.0000000e+00 
    11 : -5.0000000e-01 -1.0000000e+00 
    12 : -1.0000000e+00 -1.0000000e+00 
    13 : -1.5000000e+00 -1.0000000e+00 
    14 : -2.0000000e+00 -5.0000000e-01 
    15 : -2.0000000e+00 -2.7565727e-12 
    16 : -2.0000000e+00  5.0000000e-01 
    17 : -1.5000000e+00  1.0000000e+00 
    18 : -1.0000000e+00  1.0000000e+00 
    19 : -5.0000000e-01  1.0000000e+00 
    20 : -5.5131455e-12  1.0000000e+00 
    21 :  5.0000000e-01  1.0000000e+00 
    22 :  1.0000000e+00  1.0000000e+00 
    23 :  1.5000000e+00  1.0000000e+00 
    24 : -1.2376911e+00 -2.1125946e-01 
    25 :  1.2342539e+00  2.0250646e-01 
    26 : -1.3125591e-03 -1.7714570e-03 
    27 : -1.5780403e+00  1.0963256e-01 
    28 :  1.5779538e+00 -1.1882772e-01 
    29 :  5.8703496e-01 -4.3442777e-01 
    30 : -5.8966813e-01  4.3003849e-01 
    31 :  4.5214336e-01  5.1791974e-01 
    32 : -4.5500546e-01 -5.2111747e-01 
    33 : -1.0870110e+00  5.6246062e-01 
    34 :  1.0844010e+00 -5.6505823e-01 
    35 : -9.0976758e-01 -5.5865695e-01 
    36 :  9.0104481e-01  5.4844686e-01 
    37 :  1.6070007e+00  3.0545638e-01 
    38 : -1.6084078e+00 -3.1142857e-01 
    39 :  8.6935467e-01 -1.7221998e-01 
    40 : -8.7394318e-01  1.6343038e-01 
    41 :  1.5433293e+00 -5.5504092e-01 
    42 : -1.5422971e+00  5.4755704e-01 
    43 : -4.5530716e-01 -5.8359311e-02 
    44 :  4.5192073e-01  5.3656078e-02 
    45 :  8.5879958e-01  1.3140153e-01 
    46 : -8.6228935e-01 -1.3846407e-01 
    47 : -1.9620006e-02  4.9503388e-01 
    48 :  1.7804433e-02 -4.9744255e-01 
    49 :  1.1738120e+00 -1.6445023e-01 
    50 : -1.1680705e+00  1.7948513e-01 
    51 :  1.3242861e+00  5.8727682e-01 
    52 : -1.3232533e+00 -5.8913124e-01 
    53 :  1.6147293e+00  6.0090952e-01 
    54 : -1.6191245e+00 -6.0847490e-01 
Number of quads 42 
     0 :     27     38     14     15 
     1 :     28     37      4      5 
     2 :     12     35     32     11 
     3 :     22     36     31     21 
     4 :      6      1      7     41 
     5 :      5      6     41     28 
     6 :     15     16     42     27 
     7 :     17     42     16      3 
     8 :      8     34     41      7 
     9 :     18     33     42     17 
    10 :     29     44     45     39 
    11 :     30     43     46     40 
    12 :     20     21     31     47 
    13 :     10     11     32     48 
    14 :     37     28     49     25 
    15 :     41     34     49     28 
    16 :     38     27     50     24 
    17 :     42     33     50     27 
    18 :     50     40     46     24 
    19 :     43     32     35     46 
    20 :     49     39     45     25 
    21 :     44     31     36     45 
    22 :     18     19     30     33 
    23 :     50     33     30     40 
    24 :      8      9     29     34 
    25 :     49     34     29     39 
    26 :     19     20     47     30 
    27 :     44     26     47     31 
    28 :     30     47     26     43 
    29 :      9     10     48     29 
    30 :     43     26     48     32 
    31 :     29     48     26     44 
    32 :     45     36     51     25 
    33 :     46     35     52     24 
    34 :     35     12     13     52 
    35 :     36     22     23     51 
    36 :      0      4     37     53 
    37 :      2     14     38     54 
    38 :      2     54     52     13 
    39 :     24     52     54     38 
    40 :      0     53     51     23 
    41 :     25     51     53     37 
