Number of nodes 188 
     0 :  2.0000000e+00  1.0000000e+00 
     1 :  2.0000000e+00 -1.0000000e+00 
     2 : -2.0000000e+00 -1.0000000e+00 
     3 : -2.0000000e+00  1.0000000e+00 
     4 :  2.0000000e+00  7.5000000e-01 
     5 :  2.0000000e+00  5.0000000e-01 
     6 :  2.0000000e+00  2.5000000e-01 
     7 :  2.0000000e+00  2.7565727e-12 
     8 :  2.0000000e+00 -2.5000000e-01 
     9 :  2.0000000e+00 -5.0000000e-01 
    10 :  2.0000000e+00 -7.5000000e-01 
    11 :  1.7647059e+00 -1.0000000e+00 
    12 :  1.5294118e+00 -1.0000000e+00 
    13 :  1.2941176e+00 -1.0000000e+00 
    14 :  1.0588235e+00 -1.0000000e+00 
    15 :  8.2352941e-01 -1.0000000e+00 
    16 :  5.8823529e-01 -1.0000000e+00 
    17 :  3.5294118e-01 -1.0000000e+00 
    18 :  1.1764706e-01 -1.0000000e+00 
    19 : -1.1764706e-01 -1.0000000e+00 
    20 : -3.5294118e-01 -1.0000000e+00 
    21 : -5.8823529e-01 -1.0000000e+00 
    22 : -8.2352941e-01 -1.0000000e+00 
    23 : -1.0588235e+00 -1.0000000e+00 
    24 : -1.2941176e+00 -1.0000000e+00 
    25 : -1.5294118e+00 -1.0000000e+00 
    26 : -1.7647059e+00 -1.0000000e+00 
    27 : -2.0000000e+00 -7.5000000e-01 
    28 : -2.0000000e+00 -5.0000000e-01 
    29 : -2.0000000e+00 -2.5000000e-01 
    30 : -2.0000000e+00 -2.7565727e-12 
    31 : -2.0000000e+00  2.5000000e-01 
    32 : -2.0000000e+00  5.0000000e-01 
    33 : -2.0000000e+00  7.5000000e-01 
    34 : -1.7647059e+00  1.0000000e+00 
    35 : -1.5294118e+00  1.0000000e+00 
    36 : -1.2941176e+00  1.0000000e+00 
    37 : -1.0588235e+00  1.0000000e+00 
    38 : -8.2352941e-01  1.0000000e+00 
    39 : -5.8823529e-01  1.0000000e+00 
    40 : -3.5294118e-01  1.0000000e+00 
    41 : -1.1764706e-01  1.0000000e+00 
    42 :  1.1764706e-01  1.0000000e+00 
    43 :  3.5294118e-01  1.0000000e+00 
    44 :  5.8823529e-01  1.0000000e+00 
    45 :  8.2352941e-01  1.0000000e+00 
    46 :  1.0588235e+00  1.0000000e+00 
    47 :  1.2941176e+00  1.0000000e+00 
    48 :  1.5294118e+00  1.0000000e+00 
    49 :  1.7647059e+00  1.0000000e+00 
    50 :  5.7716004e-01  8.9798539e-14 
    51 : -6.7280474e-01 -1.1220258e-13 
    52 :  1.2798135e+00  6.4779293e-13 
    53 :  8.2256512e-01  2.2417485e-13 
    54 : -4.0515406e-01 -3.4664511e-14 
    55 :  1.1923692e-01  5.0538277e-15 
    56 : -1.8324514e-02  5.0000000e-01 
    57 : -1.8324514e-02 -5.0000000e-01 
    58 : -8.5433545e-01  5.0304051e-01 
    59 : -1.7084220e-01  5.6666667e-01 
    60 :  2.8935674e-01 -4.8611111e-01 
    61 : -8.5406031e-01 -5.0313267e-01 
    62 : -1.7084220e-01 -5.6666667e-01 
    63 :  2.8935674e-01  4.8611111e-01 
    64 :  4.9643059e-01 -5.2979595e-01 
    65 : -6.4623896e-01  4.4593628e-01 
    66 :  4.9643103e-01  5.2979566e-01 
    67 : -6.4616444e-01 -4.4596124e-01 
    68 :  1.2422765e+00 -4.5731172e-01 
    69 :  1.2422765e+00  4.5731172e-01 
    70 : -1.2777703e+00  4.4757778e-01 
    71 : -1.2690670e+00 -4.4006174e-01 
    72 :  1.6545234e-01 -6.2258521e-01 
    73 :  1.6545234e-01  6.2258521e-01 
    74 : -1.5249870e+00 -3.5976781e-01 
    75 :  1.4900344e+00 -3.6210741e-01 
    76 :  1.4901207e+00  3.6204962e-01 
    77 :  1.6725739e+00 -8.0903243e-05 
    78 :  1.0780241e+00  4.2705654e-13 
    79 :  1.6235993e+00 -5.1292290e-01 
    80 :  1.6236250e+00  5.1290570e-01 
    81 : -1.6408257e+00 -5.2783627e-01 
    82 : -1.7913310e+00 -4.2468705e-01 
    83 : -1.7666008e+00  3.6095995e-01 
    84 :  1.7702014e+00  4.2604856e-01 
    85 :  1.7701870e+00 -4.2605819e-01 
    86 : -7.4842363e-01  2.6593471e-01 
    87 : -7.4840451e-01 -2.6594111e-01 
    88 :  3.3934490e-03  2.5000000e-01 
    89 :  3.3934490e-03 -2.5000000e-01 
    90 :  2.3500080e-01 -2.4768519e-01 
    91 :  2.3500080e-01  2.4768519e-01 
    92 : -1.0583618e+00  3.0114457e-01 
    93 : -1.0365413e+00 -2.9937385e-01 
    94 :  4.6344281e-01  2.6992103e-01 
    95 :  4.6344257e-01 -2.6992119e-01 
    96 : -2.3384441e-01  7.6741998e-01 
    97 : -2.3384441e-01 -7.6741998e-01 
    98 : -2.1686934e-01 -3.1202164e-01 
    99 : -2.1686934e-01  3.1202164e-01 
   100 :  5.5576092e-01 -7.7365105e-01 
   101 :  5.5576200e-01  7.7365033e-01 
   102 :  3.4074788e-01 -7.1298627e-01 
   103 :  3.4074788e-01  7.1298627e-01 
   104 :  1.2210232e+00 -2.3918954e-01 
   105 :  1.2211219e+00  2.3912349e-01 
   106 : -9.5403444e-01  7.5800520e-01 
   107 : -9.5391744e-01 -7.5804439e-01 
   108 : -4.7919627e-01  2.4043438e-01 
   109 : -4.7919354e-01 -2.4043529e-01 
   110 :  8.1061361e-01 -2.9773654e-01 
   111 :  8.1062022e-01  2.9773212e-01 
   112 :  3.6553217e-01  3.3639758e-14 
   113 : -1.6550729e-01 -7.0429773e-15 
   114 : -1.3172514e+00  2.8680716e-01 
   115 : -1.2724432e+00 -2.1171284e-01 
   116 :  1.0340012e+00  4.5020322e-01 
   117 :  1.0339871e+00 -4.5021266e-01 
   118 : -1.7387728e+00 -1.3238936e-01 
   119 : -1.7719727e+00  1.2710814e-01 
   120 :  1.7266163e+00  1.9353579e-01 
   121 :  1.7264987e+00 -1.9364141e-01 
   122 :  1.2133140e+00 -6.4610989e-01 
   123 :  1.2133171e+00  6.4610784e-01 
   124 : -1.2671263e+00  6.1719065e-01 
   125 : -1.2669657e+00 -6.1724443e-01 
   126 :  7.6275916e-01 -5.6918554e-01 
   127 :  7.6276354e-01  5.6918261e-01 
   128 : -1.7776914e+00 -6.4777467e-01 
   129 : -1.7503478e+00  6.0947028e-01 
   130 : -1.4732781e+00  6.1947606e-01 
   131 : -1.5042916e+00 -6.1853256e-01 
   132 :  1.7452139e+00  6.3799202e-01 
   133 :  1.7452045e+00 -6.3799825e-01 
   134 :  1.4694073e+00  1.1183768e-01 
   135 :  1.4765585e+00 -1.1386360e-01 
   136 : -1.0647924e+00 -5.5793485e-01 
   137 : -1.0650544e+00  5.5784707e-01 
   138 : -4.2597792e-01 -5.4460053e-01 
   139 : -4.2600043e-01  5.4459299e-01 
   140 :  1.4798288e+00 -6.2004021e-01 
   141 :  1.4798462e+00  6.2002856e-01 
   142 : -5.6415402e-03 -7.5855394e-01 
   143 : -5.6415402e-03  7.5855394e-01 
   144 : -1.8378909e+00  8.5255122e-01 
   145 : -1.8378941e+00 -8.5255129e-01 
   146 :  1.3495909e-01  4.1953704e-01 
   147 :  1.3495909e-01 -4.1953704e-01 
   148 :  9.8154770e-01  7.5807085e-01 
   149 :  9.8154402e-01 -7.5807331e-01 
   150 : -1.4816111e+00 -6.0161635e-02 
   151 : -1.5264566e+00  1.7569275e-01 
   152 :  1.1851482e+00 -8.4129708e-01 
   153 :  1.1851505e+00  8.4129559e-01 
   154 :  1.9422938e-01  8.1882508e-01 
   155 :  1.9422938e-01 -8.1882508e-01 
   156 : -1.6362249e+00  8.3181834e-01 
   157 : -1.6362377e+00 -8.3181996e-01 
   158 :  1.6089511e+00 -8.1875735e-01 
   159 :  1.6089568e+00  8.1875356e-01 
   160 :  9.9785951e-01  1.9863472e-01 
   161 :  9.9783695e-01 -1.9864982e-01 
   162 : -4.7151435e-01 -7.9962116e-01 
   163 : -4.7153335e-01  7.9961480e-01 
   164 : -8.9467528e-01 -1.1695823e-01 
   165 : -9.4482172e-01  6.1352484e-02 
   166 : -1.1657261e+00 -8.0111355e-01 
   167 : -1.1658184e+00  8.0108263e-01 
   168 :  6.5389433e-01  1.9425719e-01 
   169 :  6.5389278e-01 -1.9425822e-01 
   170 : -1.2270007e+00  5.8821958e-02 
   171 : -1.0750964e+00 -1.0157410e-01 
   172 : -6.8048560e-01 -7.2162286e-01 
   173 : -6.8055819e-01  7.2159854e-01 
   174 : -1.3994888e+00  8.1143581e-01 
   175 : -1.3994584e+00 -8.1145175e-01 
   176 : -3.1668106e-01 -1.3811423e-01 
   177 : -3.1668174e-01  1.3811400e-01 
   178 :  1.3768223e+00 -8.2332337e-01 
   179 :  1.3768266e+00  8.2332047e-01 
   180 :  6.3631674e-01  3.7702024e-01 
   181 :  6.3631424e-01 -3.7702191e-01 
   182 : -1.6297033e+00  2.7562474e-02 
   183 : -1.5186175e+00  4.1666400e-01 
   184 :  1.8237753e+00  8.4134912e-01 
   185 :  1.8237723e+00 -8.4135112e-01 
   186 :  7.4236759e-01  8.2018076e-01 
   187 :  7.4236576e-01 -8.2018198e-01 
Number of triangles 324 
     0 :     84      5      6 
     1 :     82     28     29 
     2 :      8      9     85 
     3 :     31     32     83 
     4 :     58     65     86 
     5 :     87     67     61 
     6 :     90     89     55 
     7 :     55     88     91 
     8 :     58     86     92 
     9 :     93     87     61 
    10 :     40     41     96 
    11 :     97     19     20 
    12 :     16     17    100 
    13 :    101     43     44 
    14 :    102     72     60 
    15 :     63     73    103 
    16 :    104     75     68 
    17 :     69     76    105 
    18 :     27     28    128 
    19 :    129     32     33 
    20 :      4      5    132 
    21 :    133      9     10 
    22 :     33      3    144 
    23 :    144      3     34 
    24 :    145      2     27 
    25 :     26      2    145 
    26 :     56     73    146 
    27 :    146     73     63 
    28 :    146     88     56 
    29 :    147     72     57 
    30 :     60     72    147 
    31 :     57     89    147 
    32 :    129     33    144 
    33 :    145     27    128 
    34 :    135     52    134 
    35 :     77    135    134 
    36 :     85      9    133 
    37 :     85    133     79 
    38 :    132      5     84 
    39 :     80    132     84 
    40 :     83     32    129 
    41 :    128     28     82 
    42 :     81    128     82 
    43 :    112     55     91 
    44 :     90     55    112 
    45 :    113     55     89 
    46 :     88     55    113 
    47 :    100     64    126 
    48 :    127     66    101 
    49 :    139     59     99 
    50 :     98     62    138 
    51 :     96     59    139 
    52 :    138     62     97 
    53 :    137     58     92 
    54 :     93     61    136 
    55 :    146     63     91 
    56 :     88    146     91 
    57 :     90     60    147 
    58 :     90    147     89 
    59 :    109     87     51 
    60 :     67     87    109 
    61 :     51     86    108 
    62 :    108     86     65 
    63 :     50     95    112 
    64 :     95     64     60 
    65 :     90     95     60 
    66 :     90    112     95 
    67 :    112     94     50 
    68 :     63     66     94 
    69 :     63     94     91 
    70 :     94    112     91 
    71 :     43    101    103 
    72 :    103    101     66 
    73 :     66     63    103 
    74 :    102    100     17 
    75 :     64    100    102 
    76 :    102     60     64 
    77 :     99     59     56 
    78 :     88     99     56 
    79 :     88    113     99 
    80 :     57     62     98 
    81 :     57     98     89 
    82 :     98    113     89 
    83 :     67    109    138 
    84 :     98    138    109 
    85 :    139    108     65 
    86 :    108    139     99 
    87 :     29     30    118 
    88 :    118     82     29 
    89 :    119     30     31 
    90 :     31     83    119 
    91 :    118     30    119 
    92 :     52    105    134 
    93 :    134    105     76 
    94 :    135    104     52 
    95 :     75    104    135 
    96 :     37     38    106 
    97 :    137    106     58 
    98 :    107     22     23 
    99 :     61    107    136 
   100 :     41     42    143 
   101 :    143     96     41 
   102 :    143     73     56 
   103 :     59     96    143 
   104 :    143     56     59 
   105 :    142     18     19 
   106 :     19     97    142 
   107 :     57     72    142 
   108 :    142     97     62 
   109 :     62     57    142 
   110 :     85     79     75 
   111 :    140     75     79 
   112 :     76     80     84 
   113 :     80     76    141 
   114 :    121      8     85 
   115 :     84      6    120 
   116 :     71     74    115 
   117 :    116     69    105 
   118 :    105     52     78 
   119 :    104     68    117 
   120 :     78     52    104 
   121 :    137     70    124 
   122 :    125     71    136 
   123 :    117     68    122 
   124 :    123     69    116 
   125 :     74     81     82 
   126 :     74    131     81 
   127 :    118     74     82 
   128 :     70    130    124 
   129 :    131     74     71 
   130 :    125    131     71 
   131 :     68     75    140 
   132 :     68    140    122 
   133 :    141     76     69 
   134 :    123    141     69 
   135 :     92    114     70 
   136 :    137     92     70 
   137 :     71    115     93 
   138 :     71     93    136 
   139 :    123    116    148 
   140 :    149    117    122 
   141 :    150     74    118 
   142 :    115     74    150 
   143 :    152     13     14 
   144 :    152    149    122 
   145 :     46     47    153 
   146 :    123    148    153 
   147 :     42     43    154 
   148 :    154     43    103 
   149 :    154    143     42 
   150 :    155     17     18 
   151 :    102     17    155 
   152 :     18    142    155 
   153 :    156     34     35 
   154 :     25     26    157 
   155 :     11     12    158 
   156 :    159     48     49 
   157 :    105     78    160 
   158 :    111    116    160 
   159 :    160    116    105 
   160 :    161     78    104 
   161 :    161    117    110 
   162 :    104    117    161 
   163 :    162    138     97 
   164 :     96    139    163 
   165 :     87     93    164 
   166 :    164     51     87 
   167 :    165     92     86 
   168 :     86     51    165 
   169 :    166    136    107 
   170 :    125    136    166 
   171 :    106    137    167 
   172 :    167    137    124 
   173 :    168     50     94 
   174 :     95     50    169 
   175 :    114     92    170 
   176 :    171     93    115 
   177 :    107     61    172 
   178 :    173     58    106 
   179 :    174     35     36 
   180 :     24     25    175 
   181 :     54    113    176 
   182 :     98    109    176 
   183 :    176    113     98 
   184 :    176    109     54 
   185 :    177    113     54 
   186 :    177    108     99 
   187 :     99    113    177 
   188 :     54    108    177 
   189 :    178     12     13 
   190 :     47     48    179 
   191 :    158     12    178 
   192 :    156     35    174 
   193 :    175     25    157 
   194 :    179     48    159 
   195 :    165     51    164 
   196 :     93    171    164 
   197 :     53     50    168 
   198 :     53    168    111 
   199 :    169     50     53 
   200 :    110    169     53 
   201 :    160     78     53 
   202 :    111    160     53 
   203 :     53     78    161 
   204 :     53    161    110 
   205 :     72    102    155 
   206 :     72    155    142 
   207 :    154    103     73 
   208 :    143    154     73 
   209 :    144     34    156 
   210 :    144    156    129 
   211 :    157     26    145 
   212 :    128    157    145 
   213 :    153     47    179 
   214 :    153    179    123 
   215 :    178     13    152 
   216 :    122    178    152 
   217 :    115    170    171 
   218 :    115    150    170 
   219 :     20     21    162 
   220 :    162     97     20 
   221 :    163     39     40 
   222 :     40     96    163 
   223 :    121     77      7 
   224 :      7     77    120 
   225 :    121      7      8 
   226 :      6      7    120 
   227 :    166    107     23 
   228 :     23     24    166 
   229 :    166    175    125 
   230 :    166     24    175 
   231 :     37    106    167 
   232 :    167     36     37 
   233 :    124    174    167 
   234 :    174     36    167 
   235 :     81    131    128 
   236 :    131    125    175 
   237 :    128    131    157 
   238 :    131    175    157 
   239 :    174    124    130 
   240 :    156    130    129 
   241 :    156    174    130 
   242 :     51     54    109 
   243 :    108     54     51 
   244 :    135    121     75 
   245 :     85     75    121 
   246 :    135     77    121 
   247 :     76    120    134 
   248 :    120     76     84 
   249 :    120     77    134 
   250 :    126    110    117 
   251 :    117    149    126 
   252 :    116    111    127 
   253 :    127    148    116 
   254 :     94     66    180 
   255 :    180     66    127 
   256 :    180    168     94 
   257 :    181     64     95 
   258 :    126     64    181 
   259 :     95    169    181 
   260 :    180    127    111 
   261 :    168    180    111 
   262 :    110    126    181 
   263 :    110    181    169 
   264 :    171    165    164 
   265 :    165    171    170 
   266 :    170     92    165 
   267 :     80    141    132 
   268 :    141    123    179 
   269 :    159    132    141 
   270 :    141    179    159 
   271 :    133    140     79 
   272 :    178    122    140 
   273 :    140    133    158 
   274 :    158    178    140 
   275 :    138    172     67 
   276 :    172     61     67 
   277 :    172    138    162 
   278 :     65    173    139 
   279 :     65     58    173 
   280 :    163    139    173 
   281 :    172     21     22 
   282 :     22    107    172 
   283 :    162     21    172 
   284 :     38     39    173 
   285 :    173    106     38 
   286 :    173     39    163 
   287 :    151    114    170 
   288 :    150    151    170 
   289 :     83    151    119 
   290 :    118    119    182 
   291 :    151    150    182 
   292 :    182    119    151 
   293 :    182    150    118 
   294 :    130     70    183 
   295 :    184    159     49 
   296 :    132    159    184 
   297 :     11    158    185 
   298 :    185    158    133 
   299 :    183     70    114 
   300 :    151    183    114 
   301 :     83    183    151 
   302 :    152     14    149 
   303 :    148     46    153 
   304 :    184      0      4 
   305 :      4    132    184 
   306 :     49      0    184 
   307 :    185      1     11 
   308 :    185    133     10 
   309 :     10      1    185 
   310 :     83    129    183 
   311 :    129    130    183 
   312 :     14     15    149 
   313 :    148     45     46 
   314 :    186    148    127 
   315 :    127    101    186 
   316 :     45    148    186 
   317 :    126    149    187 
   318 :    187    100    126 
   319 :    187    149     15 
   320 :     16    187     15 
   321 :    100    187     16 
   322 :     45    186     44 
   323 :     44    186    101 
