Number of nodes 29 
     0 :  2.0000000e+00  1.0000000e+00 
     1 :  2.0000000e+00 -1.0000000e+00 
     2 : -2.0000000e+00 -1.0000000e+00 
     3 : -2.0000000e+00  1.0000000e+00 
     4 :  2.0000000e+00  2.7510216e-12 
     5 :  1.3333333e+00 -1.0000000e+00 
     6 :  6.6666667e-01 -1.0000000e+00 
     7 :  5.5020433e-12 -1.0000000e+00 
     8 : -6.6666667e-01 -1.0000000e+00 
     9 : -1.3333333e+00 -1.0000000e+00 
    10 : -2.0000000e+00 -2.7510216e-12 
    11 : -1.3333333e+00  1.0000000e+00 
    12 : -6.6666667e-01  1.0000000e+00 
    13 : -5.5020433e-12  1.0000000e+00 
    14 :  6.6666667e-01  1.0000000e+00 
    15 :  1.3333333e+00  1.0000000e+00 
    16 : -2.3761152e-01  6.0980857e-02 
    17 : -8.7441580e-01 -2.0941735e-01 
    18 :  1.6267882e-01 -1.3325135e-01 
    19 : -2.7049001e-01 -5.4153669e-01 
    20 : -1.4323176e-01  4.5535481e-01 
    21 :  1.2366526e+00  5.7877424e-02 
    22 :  5.0026147e-01  3.6538976e-01 
    23 :  7.0820418e-01 -5.0317826e-01 
    24 : -7.9648060e-01  4.6825182e-01 
    25 : -1.3123126e+00  5.2623912e-01 
    26 :  1.3775776e-01 -6.8969532e-01 
    27 :  1.2498509e+00 -6.6920064e-01 
    28 :  1.4536117e+00 -5.2908393e-01 
Number of quads 20 
     0 :     27     23     21     28 
     1 :     21      4      1     28 
     2 :      1      5     27     28 
     3 :     26     19     18     23 
     4 :     10     25     24     17 
     5 :      6      7     26     23 
     6 :      9     17     19      8 
     7 :     18     19     17     16 
     8 :     15     21     22     14 
     9 :     14     22     20     13 
    10 :     20     22     18     16 
    11 :     22     21     23     18 
    12 :     16     17     24     20 
    13 :     13     20     24     12 
    14 :     17      9      2     10 
    15 :      0      4     21     15 
    16 :     25     11     12     24 
    17 :     25     10      3     11 
    18 :     26      7      8     19 
    19 :     27      5      6     23 
