Number of nodes 101 
     0 :  1.0000000e+00 -5.0000000e-01 
     1 :  1.0000000e+00 -1.0000000e+00 
     2 :  1.0000000e+00  1.0000000e+00 
     3 :  1.0000000e+00  5.0000000e-01 
     4 :  1.0000000e+00 -2.0816682e-12 
     5 :  7.5496095e-01 -2.6781486e-01 
     6 :  7.1553511e-01  7.0345019e-01 
     7 :  6.6401295e-01 -6.4429870e-01 
     8 :  6.3474936e-01  3.1398676e-01 
     9 :  6.1505665e-01  1.0000000e+00 
    10 :  6.1505665e-01 -1.0000000e+00 
    11 :  5.6336738e-01 -1.5264024e-02 
    12 :  4.5490727e-01 -2.9395105e-01 
    13 :  4.4189031e-01  5.9857464e-01 
    14 :  4.4017976e-01  8.1621235e-01 
    15 :  4.1699581e-01 -8.1227609e-01 
    16 :  3.1810876e-01  1.5547520e-01 
    17 :  3.1330908e-01 -5.8670610e-01 
    18 :  2.7950709e-01 -1.0000000e+00 
    19 :  2.7950709e-01  1.0000000e+00 
    20 :  2.6514609e-01  3.9776854e-01 
    21 :  1.9860892e-01 -5.9334645e-02 
    22 :  1.3737809e-01 -7.8555121e-01 
    23 :  1.3307375e-01 -3.0944237e-01 
    24 :  1.3115438e-01  7.3259046e-01 
    25 : -7.3519054e-03 -5.5119087e-01 
    26 : -1.0262858e-02  4.7897340e-01 
    27 : -1.2986602e-02  1.0000000e+00 
    28 : -1.2986602e-02 -1.0000000e+00 
    29 : -5.0051459e-02  1.8877363e-01 
    30 : -8.2834754e-02 -1.0449221e-01 
    31 : -1.0935265e-01 -3.3387051e-01 
    32 : -1.4193702e-01 -7.7495176e-01 
    33 : -1.4557504e-01  8.5281879e-01 
    34 : -2.2418926e-01  6.6419367e-01 
    35 : -2.5635285e-01 -5.3156303e-01 
    36 : -2.6446351e-01  4.0545178e-01 
    37 : -2.6794918e-01 -1.0000000e+00 
    38 : -2.6794918e-01  1.0000000e+00 
    39 : -3.3008673e-01 -4.1903913e-03 
    40 : -3.3723005e-01 -2.6210356e-01 
    41 : -3.4641045e-01  2.0302041e-01 
    42 : -3.6877826e-01  8.6430719e-01 
    43 : -3.9364321e-01 -7.5530407e-01 
    44 : -4.7037740e-01  5.1371843e-01 
    45 : -4.8811210e-01  7.1119356e-01 
    46 : -4.8973739e-01  3.1436303e-01 
    47 : -4.9019635e-01  1.0000000e+00 
    48 : -4.9019635e-01 -1.0000000e+00 
    49 : -4.9413935e-01 -4.9336122e-01 
    50 : -5.2504697e-01  1.1610503e-01 
    51 : -5.5273581e-01 -2.8367931e-01 
    52 : -5.6020627e-01 -6.7102755e-01 
    53 : -5.6487089e-01 -8.7506770e-02 
    54 : -5.9690578e-01  8.4907683e-01 
    55 : -5.9951754e-01 -8.3178177e-01 
    56 : -6.2707775e-01  5.6780589e-01 
    57 : -6.5245835e-01  4.0623761e-01 
    58 : -6.5610547e-01 -5.5892794e-01 
    59 : -6.8392597e-01 -1.0000000e+00 
    60 : -6.8392597e-01  1.0000000e+00 
    61 : -6.9514556e-01  5.3951367e-02 
    62 : -6.9567199e-01 -2.0442556e-01 
    63 : -7.0113395e-01  6.9589792e-01 
    64 : -7.0391469e-01  2.1685830e-01 
    65 : -7.1251020e-01 -6.9323432e-01 
    66 : -7.1616867e-01 -3.7196125e-01 
    67 : -7.7282184e-01 -7.4179967e-02 
    68 : -7.7506224e-01  5.1662152e-01 
    69 : -7.9640235e-01 -5.3116772e-01 
    70 : -8.2811358e-01  8.3353010e-01 
    71 : -8.3021656e-01 -8.3305416e-01 
    72 : -8.4925376e-01  3.6366567e-01 
    73 : -8.5279729e-01  1.0000000e+00 
    74 : -8.5279729e-01 -1.0000000e+00 
    75 : -8.5535230e-01 -2.1711236e-01 
    76 : -8.5616656e-01  7.0361260e-02 
    77 : -8.6447871e-01  6.4003725e-01 
    78 : -8.6909615e-01 -6.5710458e-01 
    79 : -8.8080638e-01  2.1448642e-01 
    80 : -8.8101890e-01 -3.7911304e-01 
    81 : -9.0067032e-01 -7.2314619e-02 
    82 : -9.0245343e-01  5.0000000e-01 
    83 : -9.1034619e-01 -5.0898471e-01 
    84 : -9.2268519e-01 -9.2400974e-01 
    85 : -9.2268519e-01  9.2400974e-01 
    86 : -1.0000000e+00  1.0000000e+00 
    87 : -1.0000000e+00 -1.0000000e+00 
    88 : -1.0000000e+00 -8.5714286e-01 
    89 : -1.0000000e+00 -7.1428571e-01 
    90 : -1.0000000e+00 -5.7142857e-01 
    91 : -1.0000000e+00 -4.2857143e-01 
    92 : -1.0000000e+00 -2.8571429e-01 
    93 : -1.0000000e+00 -1.4285714e-01 
    94 : -1.0000000e+00  2.0816682e-12 
    95 : -1.0000000e+00  1.4285714e-01 
    96 : -1.0000000e+00  2.8571429e-01 
    97 : -1.0000000e+00  4.2857143e-01 
    98 : -1.0000000e+00  5.7142857e-01 
    99 : -1.0000000e+00  7.1428571e-01 
   100 : -1.0000000e+00  8.5714286e-01 
Number of triangles 166 
     0 :     44     34     45 
     1 :     41     39     29 
     2 :     60     73     70 
     3 :     74     59     71 
     4 :     59     55     71 
     5 :     48     37     43 
     6 :     89     88     71 
     7 :    100     99     70 
     8 :     53     51     40 
     9 :     30     29     39 
    10 :     44     36     34 
    11 :     26     29     20 
    12 :     49     35     40 
    13 :     49     40     51 
    14 :     60     70     54 
    15 :     66     58     49 
    16 :     99     77     70 
    17 :     66     49     51 
    18 :     29     16     20 
    19 :     53     40     39 
    20 :     26     24     34 
    21 :     25     17     23 
    22 :     63     56     45 
    23 :     48     43     55 
    24 :     10      1      7 
    25 :     65     71     55 
    26 :     89     71     78 
    27 :     26     34     36 
    28 :     34     24     33 
    29 :     29     21     16 
    30 :     64     57     72 
    31 :     90     78     83 
    32 :     49     52     43 
    33 :     44     45     56 
    34 :     90     89     78 
    35 :     63     77     68 
    36 :     12     17      7 
    37 :     30     39     40 
    38 :     64     79     76 
    39 :      0      7      1 
    40 :     64     72     79 
    41 :     16     21     11 
    42 :     40     35     31 
    43 :     66     69     58 
    44 :     49     43     35 
    45 :     12     23     17 
    46 :     63     45     54 
    47 :     41     29     36 
    48 :     37     32     43 
    49 :     26     20     24 
    50 :     63     54     70 
    51 :     25     22     17 
    52 :     12      7      5 
    53 :     12     11     21 
    54 :     30     21     29 
    55 :     19     27     24 
    56 :     26     36     29 
    57 :     64     50     46 
    58 :     68     72     57 
    59 :     66     80     69 
    60 :     97     96     72 
    61 :     99     98     77 
    62 :     64     46     57 
    63 :     80     83     69 
    64 :     95     94     76 
    65 :     93     92     75 
    66 :      8     20     16 
    67 :     63     68     56 
    68 :     64     76     61 
    69 :      8      6     13 
    70 :      3      2      6 
    71 :     32     35     43 
    72 :     13     24     20 
    73 :      8     13     20 
    74 :     53     67     62 
    75 :     53     61     67 
    76 :     37     28     32 
    77 :     30     40     31 
    78 :     47     60     54 
    79 :     63     70     77 
    80 :     59     48     55 
    81 :     78     69     83 
    82 :      2      9      6 
    83 :     32     25     35 
    84 :     12     21     23 
    85 :     28     18     22 
    86 :      4      3      8 
    87 :     34     42     45 
    88 :     53     39     50 
    89 :     44     46     36 
    90 :     27     33     24 
    91 :     66     51     62 
    92 :     96     95     79 
    93 :     65     69     78 
    94 :     92     91     80 
    95 :     53     62     51 
    96 :     25     31     35 
    97 :     66     75     80 
    98 :     88     84     71 
    99 :    100     70     85 
   100 :     32     22     25 
   101 :     96     79     72 
   102 :     41     36     46 
   103 :     47     54     42 
   104 :     95     76     79 
   105 :      0      4      5 
   106 :     66     62     75 
   107 :     30     31     23 
   108 :     92     80     75 
   109 :     74     71     84 
   110 :     73     85     70 
   111 :      4      8     11 
   112 :     23     31     25 
   113 :     34     33     42 
   114 :     41     50     39 
   115 :     97     72     82 
   116 :     98     82     77 
   117 :      8     16     11 
   118 :     65     58     69 
   119 :     93     75     81 
   120 :     94     81     76 
   121 :      3      6      8 
   122 :     19     24     14 
   123 :     28     22     32 
   124 :     18     15     22 
   125 :     55     43     52 
   126 :     27     38     33 
   127 :     13     14     24 
   128 :     53     50     61 
   129 :      0      5      7 
   130 :     68     57     56 
   131 :     30     23     21 
   132 :     38     47     42 
   133 :     19     14      9 
   134 :     64     61     50 
   135 :     18     10     15 
   136 :     65     78     71 
   137 :     67     75     62 
   138 :     45     42     54 
   139 :     76     67     61 
   140 :      4     11      5 
   141 :     91     83     80 
   142 :     98     97     82 
   143 :     94     93     81 
   144 :     86     85     73 
   145 :     74     84     87 
   146 :     41     46     50 
   147 :     38     42     33 
   148 :     65     55     52 
   149 :     91     90     83 
   150 :     68     82     72 
   151 :     68     77     82 
   152 :     67     81     75 
   153 :     76     81     67 
   154 :     17     22     15 
   155 :     10      7     15 
   156 :     87     84     88 
   157 :     86    100     85 
   158 :     17     15      7 
   159 :     44     57     46 
   160 :     44     56     57 
   161 :      9     14      6 
   162 :     65     52     58 
   163 :      6     14     13 
   164 :     49     58     52 
   165 :     12      5     11 
