Number of nodes 17 
     0 : -1.0000000e+00 -1.0000000e+00 
     1 :  1.0000000e+00 -1.0000000e+00 
     2 :  1.0000000e+00  1.0000000e+00 
     3 : -1.0000000e+00  1.0000000e+00 
     4 : -2.6794913e-01 -1.0000000e+00 
     5 :  1.0000000e+00 -2.0816682e-12 
     6 : -2.6794913e-01  1.0000000e+00 
     7 : -1.0000000e+00  5.0000000e-01 
     8 : -1.0000000e+00  2.0816682e-12 
     9 : -1.0000000e+00 -5.0000000e-01 
    10 :  4.5832348e-02 -1.2813609e-01 
    11 : -4.6425985e-01  2.9734416e-01 
    12 : -5.5890678e-01 -3.1979290e-01 
    13 : -6.7104655e-01  7.0833333e-01 
    14 : -6.8246751e-01 -7.1996548e-01 
    15 :  2.9367543e-01  4.8670938e-01 
    16 :  4.1832235e-01 -5.7366011e-01 
Number of triangles 22 
     0 :      2      6     15 
     1 :      3     13      6 
     2 :      0      4     14 
     3 :      4     12     14 
     4 :      4     10     12 
     5 :      6     13     11 
     6 :      7      8     11 
     7 :      6     11     15 
     8 :      8      9     12 
     9 :      1      5     16 
    10 :      2     15      5 
    11 :      4     16     10 
    12 :      3      7     13 
    13 :      0     14      9 
    14 :      5     10     16 
    15 :      5     15     10 
    16 :      8     12     11 
    17 :      7     11     13 
    18 :     10     15     11 
    19 :      9     14     12 
    20 :     10     11     12 
    21 :      1     16      4 
