Number of nodes 101 
     0 : -1.0000000e+00 -1.0000000e+00 
     1 :  1.0000000e+00 -1.0000000e+00 
     2 :  1.0000000e+00  1.0000000e+00 
     3 : -1.0000000e+00  1.0000000e+00 
     4 : -8.5279729e-01 -1.0000000e+00 
     5 : -6.8392597e-01 -1.0000000e+00 
     6 : -4.9019635e-01 -1.0000000e+00 
     7 : -2.6794918e-01 -1.0000000e+00 
     8 : -1.2986602e-02 -1.0000000e+00 
     9 :  2.7950709e-01 -1.0000000e+00 
    10 :  6.1505665e-01 -1.0000000e+00 
    11 :  1.0000000e+00 -5.0000000e-01 
    12 :  1.0000000e+00 -2.0816682e-12 
    13 :  1.0000000e+00  5.0000000e-01 
    14 :  6.1505665e-01  1.0000000e+00 
    15 :  2.7950709e-01  1.0000000e+00 
    16 : -1.2986602e-02  1.0000000e+00 
    17 : -2.6794918e-01  1.0000000e+00 
    18 : -4.9019635e-01  1.0000000e+00 
    19 : -6.8392597e-01  1.0000000e+00 
    20 : -8.5279729e-01  1.0000000e+00 
    21 : -1.0000000e+00  8.5714286e-01 
    22 : -1.0000000e+00  7.1428571e-01 
    23 : -1.0000000e+00  5.7142857e-01 
    24 : -1.0000000e+00  4.2857143e-01 
    25 : -1.0000000e+00  2.8571429e-01 
    26 : -1.0000000e+00  1.4285714e-01 
    27 : -1.0000000e+00  2.0816682e-12 
    28 : -1.0000000e+00 -1.4285714e-01 
    29 : -1.0000000e+00 -2.8571429e-01 
    30 : -1.0000000e+00 -4.2857143e-01 
    31 : -1.0000000e+00 -5.7142857e-01 
    32 : -1.0000000e+00 -7.1428571e-01 
    33 : -1.0000000e+00 -8.5714286e-01 
    34 : -8.2834754e-02 -1.0449221e-01 
    35 : -4.9413935e-01 -4.9336122e-01 
    36 : -4.7037740e-01  5.1371843e-01 
    37 : -5.6487089e-01 -8.7506770e-02 
    38 : -1.0262858e-02  4.7897340e-01 
    39 : -7.0391469e-01  2.1685830e-01 
    40 : -7.3519054e-03 -5.5119087e-01 
    41 : -7.1251020e-01 -6.9323432e-01 
    42 : -7.0113395e-01  6.9589792e-01 
    43 : -3.4641045e-01  2.0302041e-01 
    44 : -7.1616867e-01 -3.7196125e-01 
    45 :  4.5490727e-01 -2.9395105e-01 
    46 : -7.7506224e-01  5.1662152e-01 
    47 :  4.4189031e-01  5.9857464e-01 
    48 :  3.1810876e-01  1.5547520e-01 
    49 : -2.2418926e-01  6.6419367e-01 
    50 : -7.7282184e-01 -7.4179967e-02 
    51 : -3.9364321e-01 -7.5530407e-01 
    52 : -3.3723005e-01 -2.6210356e-01 
    53 :  3.1330908e-01 -5.8670610e-01 
    54 : -4.8811210e-01  7.1119356e-01 
    55 : -7.9640235e-01 -5.3116772e-01 
    56 : -8.3021656e-01 -8.3305416e-01 
    57 : -8.2811358e-01  8.3353010e-01 
    58 :  1.3115438e-01  7.3259046e-01 
    59 : -8.6447871e-01  6.4003725e-01 
    60 : -8.4925376e-01  3.6366567e-01 
    61 : -2.6446351e-01  4.0545178e-01 
    62 : -8.5616656e-01  7.0361260e-02 
    63 : -8.5535230e-01 -2.1711236e-01 
    64 : -1.4193702e-01 -7.7495176e-01 
    65 :  1.3307375e-01 -3.0944237e-01 
    66 : -5.0051459e-02  1.8877363e-01 
    67 : -5.5273581e-01 -2.8367931e-01 
    68 : -5.9951754e-01 -8.3178177e-01 
    69 :  6.3474936e-01  3.1398676e-01 
    70 : -8.8080638e-01  2.1448642e-01 
    71 : -3.3008673e-01 -4.1903913e-03 
    72 : -2.5635285e-01 -5.3156303e-01 
    73 : -6.5245835e-01  4.0623761e-01 
    74 :  6.6401295e-01 -6.4429870e-01 
    75 : -8.8101890e-01 -3.7911304e-01 
    76 :  1.3737809e-01 -7.8555121e-01 
    77 : -6.9567199e-01 -2.0442556e-01 
    78 : -5.2504697e-01  1.1610503e-01 
    79 : -5.9690578e-01  8.4907683e-01 
    80 : -8.6909615e-01 -6.5710458e-01 
    81 : -6.9514556e-01  5.3951367e-02 
    82 : -1.0935265e-01 -3.3387051e-01 
    83 :  7.1553511e-01  7.0345019e-01 
    84 : -4.8973739e-01  3.1436303e-01 
    85 : -5.6020627e-01 -6.7102755e-01 
    86 : -6.5610547e-01 -5.5892794e-01 
    87 : -1.4557504e-01  8.5281879e-01 
    88 : -6.2707775e-01  5.6780589e-01 
    89 :  5.6336738e-01 -1.5264024e-02 
    90 :  2.6514609e-01  3.9776854e-01 
    91 : -9.0245343e-01  5.0000000e-01 
    92 :  7.5496095e-01 -2.6781486e-01 
    93 : -9.0067032e-01 -7.2314619e-02 
    94 : -3.6877826e-01  8.6430719e-01 
    95 :  1.9860892e-01 -5.9334645e-02 
    96 :  4.1699581e-01 -8.1227609e-01 
    97 : -9.1034619e-01 -5.0898471e-01 
    98 : -9.2268519e-01  9.2400974e-01 
    99 : -9.2268519e-01 -9.2400974e-01 
   100 :  4.4017976e-01  8.1621235e-01 
Number of triangles 166 
     0 :     36     49     54 
     1 :     43     71     66 
     2 :     19     20     57 
     3 :      4      5     56 
     4 :      5     68     56 
     5 :      6      7     51 
     6 :     32     33     56 
     7 :     21     22     57 
     8 :     37     67     52 
     9 :     34     66     71 
    10 :     36     61     49 
    11 :     38     66     90 
    12 :     35     72     52 
    13 :     35     52     67 
    14 :     19     57     79 
    15 :     44     86     35 
    16 :     22     59     57 
    17 :     44     35     67 
    18 :     66     48     90 
    19 :     37     52     71 
    20 :     38     58     49 
    21 :     40     53     65 
    22 :     42     88     54 
    23 :      6     51     68 
    24 :     10      1     74 
    25 :     41     56     68 
    26 :     32     56     80 
    27 :     38     49     61 
    28 :     49     58     87 
    29 :     66     95     48 
    30 :     39     73     60 
    31 :     31     80     97 
    32 :     35     85     51 
    33 :     36     54     88 
    34 :     31     32     80 
    35 :     42     59     46 
    36 :     45     53     74 
    37 :     34     71     52 
    38 :     39     70     62 
    39 :     11     74      1 
    40 :     39     60     70 
    41 :     48     95     89 
    42 :     52     72     82 
    43 :     44     55     86 
    44 :     35     51     72 
    45 :     45     65     53 
    46 :     42     54     79 
    47 :     43     66     61 
    48 :      7     64     51 
    49 :     38     90     58 
    50 :     42     79     57 
    51 :     40     76     53 
    52 :     45     74     92 
    53 :     45     89     95 
    54 :     34     95     66 
    55 :     15     16     58 
    56 :     38     61     66 
    57 :     39     78     84 
    58 :     46     60     73 
    59 :     44     75     55 
    60 :     24     25     60 
    61 :     22     23     59 
    62 :     39     84     73 
    63 :     75     97     55 
    64 :     26     27     62 
    65 :     28     29     63 
    66 :     69     90     48 
    67 :     42     46     88 
    68 :     39     62     81 
    69 :     69     83     47 
    70 :     13      2     83 
    71 :     64     72     51 
    72 :     47     58     90 
    73 :     69     47     90 
    74 :     37     50     77 
    75 :     37     81     50 
    76 :      7      8     64 
    77 :     34     52     82 
    78 :     18     19     79 
    79 :     42     57     59 
    80 :      5      6     68 
    81 :     80     55     97 
    82 :      2     14     83 
    83 :     64     40     72 
    84 :     45     95     65 
    85 :      8      9     76 
    86 :     12     13     69 
    87 :     49     94     54 
    88 :     37     71     78 
    89 :     36     84     61 
    90 :     16     87     58 
    91 :     44     67     77 
    92 :     25     26     70 
    93 :     41     55     80 
    94 :     29     30     75 
    95 :     37     77     67 
    96 :     40     82     72 
    97 :     44     63     75 
    98 :     33     99     56 
    99 :     21     57     98 
   100 :     64     76     40 
   101 :     25     70     60 
   102 :     43     61     84 
   103 :     18     79     94 
   104 :     26     62     70 
   105 :     11     12     92 
   106 :     44     77     63 
   107 :     34     82     65 
   108 :     29     75     63 
   109 :      4     56     99 
   110 :     20     98     57 
   111 :     12     69     89 
   112 :     65     82     40 
   113 :     49     87     94 
   114 :     43     78     71 
   115 :     24     60     91 
   116 :     23     91     59 
   117 :     69     48     89 
   118 :     41     86     55 
   119 :     28     63     93 
   120 :     27     93     62 
   121 :     13     83     69 
   122 :     15     58    100 
   123 :      8     76     64 
   124 :      9     96     76 
   125 :     68     51     85 
   126 :     16     17     87 
   127 :     47    100     58 
   128 :     37     78     81 
   129 :     11     92     74 
   130 :     46     73     88 
   131 :     34     65     95 
   132 :     17     18     94 
   133 :     15    100     14 
   134 :     39     81     78 
   135 :      9     10     96 
   136 :     41     80     56 
   137 :     50     63     77 
   138 :     54     94     79 
   139 :     62     50     81 
   140 :     12     89     92 
   141 :     30     97     75 
   142 :     23     24     91 
   143 :     27     28     93 
   144 :      3     98     20 
   145 :      4     99      0 
   146 :     43     84     78 
   147 :     17     94     87 
   148 :     41     68     85 
   149 :     30     31     97 
   150 :     46     91     60 
   151 :     46     59     91 
   152 :     50     93     63 
   153 :     62     93     50 
   154 :     53     76     96 
   155 :     10     74     96 
   156 :      0     99     33 
   157 :      3     21     98 
   158 :     53     96     74 
   159 :     36     73     84 
   160 :     36     88     73 
   161 :     14    100     83 
   162 :     41     85     86 
   163 :     83    100     47 
   164 :     35     86     85 
   165 :     45     92     89 
