Number of nodes 101 
     0 :  2.7950709e-01  1.0000000e+00 
     1 : -1.0000000e+00  1.0000000e+00 
     2 : -8.5279729e-01  1.0000000e+00 
     3 : -6.8392597e-01  1.0000000e+00 
     4 : -4.9019635e-01  1.0000000e+00 
     5 : -2.6794918e-01  1.0000000e+00 
     6 :  6.1505665e-01  1.0000000e+00 
     7 : -1.2986602e-02  1.0000000e+00 
     8 :  1.0000000e+00  1.0000000e+00 
     9 : -9.2268519e-01  9.2400974e-01 
    10 : -3.6877826e-01  8.6430719e-01 
    11 : -1.0000000e+00  8.5714286e-01 
    12 : -1.4557504e-01  8.5281879e-01 
    13 : -5.9690578e-01  8.4907683e-01 
    14 : -8.2811358e-01  8.3353010e-01 
    15 :  4.4017976e-01  8.1621235e-01 
    16 :  1.3115438e-01  7.3259046e-01 
    17 : -1.0000000e+00  7.1428571e-01 
    18 : -4.8811210e-01  7.1119356e-01 
    19 :  7.1553511e-01  7.0345019e-01 
    20 : -7.0113395e-01  6.9589792e-01 
    21 : -2.2418926e-01  6.6419367e-01 
    22 : -8.6447871e-01  6.4003725e-01 
    23 :  4.4189031e-01  5.9857464e-01 
    24 : -1.0000000e+00  5.7142857e-01 
    25 : -6.2707775e-01  5.6780589e-01 
    26 : -7.7506224e-01  5.1662152e-01 
    27 : -4.7037740e-01  5.1371843e-01 
    28 : -9.0245343e-01  5.0000000e-01 
    29 :  1.0000000e+00  5.0000000e-01 
    30 : -1.0262858e-02  4.7897340e-01 
    31 : -1.0000000e+00  4.2857143e-01 
    32 : -6.5245835e-01  4.0623761e-01 
    33 : -2.6446351e-01  4.0545178e-01 
    34 :  2.6514609e-01  3.9776854e-01 
    35 : -8.4925376e-01  3.6366567e-01 
    36 : -4.8973739e-01  3.1436303e-01 
    37 :  6.3474936e-01  3.1398676e-01 
    38 : -1.0000000e+00  2.8571429e-01 
    39 : -7.0391469e-01  2.1685830e-01 
    40 : -8.8080638e-01  2.1448642e-01 
    41 : -3.4641045e-01  2.0302041e-01 
    42 : -5.0051459e-02  1.8877363e-01 
    43 :  3.1810876e-01  1.5547520e-01 
    44 : -1.0000000e+00  1.4285714e-01 
    45 : -5.2504697e-01  1.1610503e-01 
    46 : -8.5616656e-01  7.0361260e-02 
    47 : -6.9514556e-01  5.3951367e-02 
    48 : -1.0000000e+00  2.0816682e-12 
    49 :  1.0000000e+00 -2.0816682e-12 
    50 : -3.3008673e-01 -4.1903913e-03 
    51 :  5.6336738e-01 -1.5264024e-02 
    52 :  1.9860892e-01 -5.9334645e-02 
    53 : -9.0067032e-01 -7.2314619e-02 
    54 : -7.7282184e-01 -7.4179967e-02 
    55 : -5.6487089e-01 -8.7506770e-02 
    56 : -8.2834754e-02 -1.0449221e-01 
    57 : -1.0000000e+00 -1.4285714e-01 
    58 : -6.9567199e-01 -2.0442556e-01 
    59 : -8.5535230e-01 -2.1711236e-01 
    60 : -3.3723005e-01 -2.6210356e-01 
    61 :  7.5496095e-01 -2.6781486e-01 
    62 : -5.5273581e-01 -2.8367931e-01 
    63 : -1.0000000e+00 -2.8571429e-01 
    64 :  4.5490727e-01 -2.9395105e-01 
    65 :  1.3307375e-01 -3.0944237e-01 
    66 : -1.0935265e-01 -3.3387051e-01 
    67 : -7.1616867e-01 -3.7196125e-01 
    68 : -8.8101890e-01 -3.7911304e-01 
    69 : -1.0000000e+00 -4.2857143e-01 
    70 : -4.9413935e-01 -4.9336122e-01 
    71 :  1.0000000e+00 -5.0000000e-01 
    72 : -9.1034619e-01 -5.0898471e-01 
    73 : -7.9640235e-01 -5.3116772e-01 
    74 : -2.5635285e-01 -5.3156303e-01 
    75 : -7.3519054e-03 -5.5119087e-01 
    76 : -6.5610547e-01 -5.5892794e-01 
    77 : -1.0000000e+00 -5.7142857e-01 
    78 :  3.1330908e-01 -5.8670610e-01 
    79 :  6.6401295e-01 -6.4429870e-01 
    80 : -8.6909615e-01 -6.5710458e-01 
    81 : -5.6020627e-01 -6.7102755e-01 
    82 : -7.1251020e-01 -6.9323432e-01 
    83 : -1.0000000e+00 -7.1428571e-01 
    84 : -3.9364321e-01 -7.5530407e-01 
    85 : -1.4193702e-01 -7.7495176e-01 
    86 :  1.3737809e-01 -7.8555121e-01 
    87 :  4.1699581e-01 -8.1227609e-01 
    88 : -5.9951754e-01 -8.3178177e-01 
    89 : -8.3021656e-01 -8.3305416e-01 
    90 : -1.0000000e+00 -8.5714286e-01 
    91 : -9.2268519e-01 -9.2400974e-01 
    92 :  1.0000000e+00 -1.0000000e+00 
    93 :  6.1505665e-01 -1.0000000e+00 
    94 : -1.0000000e+00 -1.0000000e+00 
    95 :  2.7950709e-01 -1.0000000e+00 
    96 : -1.2986602e-02 -1.0000000e+00 
    97 : -2.6794918e-01 -1.0000000e+00 
    98 : -4.9019635e-01 -1.0000000e+00 
    99 : -6.8392597e-01 -1.0000000e+00 
   100 : -8.5279729e-01 -1.0000000e+00 
Number of triangles 166 
     0 :     27     21     18 
     1 :     41     50     42 
     2 :      3      2     14 
     3 :    100     99     89 
     4 :     99     88     89 
     5 :     98     97     84 
     6 :     83     90     89 
     7 :     11     17     14 
     8 :     55     62     60 
     9 :     56     42     50 
    10 :     27     33     21 
    11 :     30     42     34 
    12 :     70     74     60 
    13 :     70     60     62 
    14 :      3     14     13 
    15 :     67     76     70 
    16 :     17     22     14 
    17 :     67     70     62 
    18 :     42     43     34 
    19 :     55     60     50 
    20 :     30     16     21 
    21 :     75     78     65 
    22 :     20     25     18 
    23 :     98     84     88 
    24 :     93     92     79 
    25 :     82     89     88 
    26 :     83     89     80 
    27 :     30     21     33 
    28 :     21     16     12 
    29 :     42     52     43 
    30 :     39     32     35 
    31 :     77     80     72 
    32 :     70     81     84 
    33 :     27     18     25 
    34 :     77     83     80 
    35 :     20     22     26 
    36 :     64     78     79 
    37 :     56     50     60 
    38 :     39     40     46 
    39 :     71     79     92 
    40 :     39     35     40 
    41 :     43     52     51 
    42 :     60     74     66 
    43 :     67     73     76 
    44 :     70     84     74 
    45 :     64     65     78 
    46 :     20     18     13 
    47 :     41     42     33 
    48 :     97     85     84 
    49 :     30     34     16 
    50 :     20     13     14 
    51 :     75     86     78 
    52 :     64     79     61 
    53 :     64     51     52 
    54 :     56     52     42 
    55 :      0      7     16 
    56 :     30     33     42 
    57 :     39     45     36 
    58 :     26     35     32 
    59 :     67     68     73 
    60 :     31     38     35 
    61 :     17     24     22 
    62 :     39     36     32 
    63 :     68     72     73 
    64 :     44     48     46 
    65 :     57     63     59 
    66 :     37     34     43 
    67 :     20     26     25 
    68 :     39     46     47 
    69 :     37     19     23 
    70 :     29      8     19 
    71 :     85     74     84 
    72 :     23     16     34 
    73 :     37     23     34 
    74 :     55     54     58 
    75 :     55     47     54 
    76 :     97     96     85 
    77 :     56     60     66 
    78 :      4      3     13 
    79 :     20     14     22 
    80 :     99     98     88 
    81 :     80     73     72 
    82 :      8      6     19 
    83 :     85     75     74 
    84 :     64     52     65 
    85 :     96     95     86 
    86 :     49     29     37 
    87 :     21     10     18 
    88 :     55     50     45 
    89 :     27     36     33 
    90 :      7     12     16 
    91 :     67     62     58 
    92 :     38     44     40 
    93 :     82     73     80 
    94 :     63     69     68 
    95 :     55     58     62 
    96 :     75     66     74 
    97 :     67     59     68 
    98 :     90     91     89 
    99 :     11     14      9 
   100 :     85     86     75 
   101 :     38     40     35 
   102 :     41     33     36 
   103 :      4     13     10 
   104 :     44     46     40 
   105 :     71     49     61 
   106 :     67     58     59 
   107 :     56     66     65 
   108 :     63     68     59 
   109 :    100     89     91 
   110 :      2      9     14 
   111 :     49     37     51 
   112 :     65     66     75 
   113 :     21     12     10 
   114 :     41     45     50 
   115 :     31     35     28 
   116 :     24     28     22 
   117 :     37     43     51 
   118 :     82     76     73 
   119 :     57     59     53 
   120 :     48     53     46 
   121 :     29     19     37 
   122 :      0     16     15 
   123 :     96     86     85 
   124 :     95     87     86 
   125 :     88     84     81 
   126 :      7      5     12 
   127 :     23     15     16 
   128 :     55     45     47 
   129 :     71     61     79 
   130 :     26     32     25 
   131 :     56     65     52 
   132 :      5      4     10 
   133 :      0     15      6 
   134 :     39     47     45 
   135 :     95     93     87 
   136 :     82     80     89 
   137 :     54     59     58 
   138 :     18     10     13 
   139 :     46     54     47 
   140 :     49     51     61 
   141 :     69     72     68 
   142 :     24     31     28 
   143 :     48     57     53 
   144 :      1      9      2 
   145 :    100     91     94 
   146 :     41     36     45 
   147 :      5     10     12 
   148 :     82     88     81 
   149 :     69     77     72 
   150 :     26     28     35 
   151 :     26     22     28 
   152 :     54     53     59 
   153 :     46     53     54 
   154 :     78     86     87 
   155 :     93     79     87 
   156 :     94     91     90 
   157 :      1     11      9 
   158 :     78     87     79 
   159 :     27     32     36 
   160 :     27     25     32 
   161 :      6     15     19 
   162 :     82     81     76 
   163 :     19     15     23 
   164 :     70     76     81 
   165 :     64     61     51 
