Number of nodes 32 
     0 : -1.0000000e+00 -1.0000000e+00 
     1 :  1.0000000e+00 -1.0000000e+00 
     2 :  1.0000000e+00  1.0000000e+00 
     3 : -1.0000000e+00  1.0000000e+00 
     4 : -6.8392597e-01 -1.0000000e+00 
     5 : -2.6794913e-01 -1.0000000e+00 
     6 :  2.7950709e-01 -1.0000000e+00 
     7 :  1.0000000e+00 -2.0816682e-12 
     8 :  2.7950709e-01  1.0000000e+00 
     9 : -2.6794913e-01  1.0000000e+00 
    10 : -6.8392597e-01  1.0000000e+00 
    11 : -1.0000000e+00  6.6666667e-01 
    12 : -1.0000000e+00  3.3333333e-01 
    13 : -1.0000000e+00  2.0816682e-12 
    14 : -1.0000000e+00 -3.3333333e-01 
    15 : -1.0000000e+00 -6.6666667e-01 
    16 : -1.8368894e-01 -1.5070221e-01 
    17 : -4.8130170e-01  5.2618359e-01 
    18 : -5.0913051e-01 -4.7804451e-01 
    19 :  1.1409957e-01  3.6434252e-01 
    20 : -6.3475896e-01 -1.2891802e-01 
    21 : -2.1576587e-02 -5.9213337e-01 
    22 : -7.0654824e-01  1.9711426e-01 
    23 :  5.4522686e-01 -5.1679371e-01 
    24 :  5.7344009e-01  5.0337541e-01 
    25 : -6.9910699e-01  7.4573281e-01 
    26 : -3.3824163e-01  2.0966015e-01 
    27 : -7.5797548e-01 -7.1475983e-01 
    28 : -1.3410499e-01  6.2840362e-01 
    29 :  3.2788127e-01 -7.3052854e-02 
    30 : -7.6729604e-01  4.5861886e-01 
    31 : -4.5453181e-01 -7.8828171e-01 
Number of triangles 46 
     0 :      9     10     25 
     1 :     15     27     14 
     2 :     14     27     18 
     3 :      9     25     17 
     4 :     14     18     20 
     5 :     10      3     25 
     6 :      2     24      7 
     7 :     11     25      3 
     8 :      1      7     23 
     9 :     13     14     20 
    10 :      0      4     27 
    11 :     15      0     27 
    12 :      9     17     28 
    13 :     16     20     18 
    14 :      9     28      8 
    15 :     19     26     16 
    16 :      1     23      6 
    17 :      6     21      5 
    18 :     21     18     31 
    19 :     12     13     22 
    20 :     16     18     21 
    21 :     13     20     22 
    22 :      8     28     19 
    23 :     19     29     24 
    24 :      5     21     31 
    25 :      4      5     31 
    26 :     26     28     17 
    27 :     12     30     11 
    28 :     22     20     26 
    29 :      8     24      2 
    30 :      6     23     21 
    31 :     16     26     20 
    32 :     19     16     29 
    33 :     19     28     26 
    34 :      8     19     24 
    35 :      7     24     29 
    36 :     21     29     16 
    37 :     22     17     30 
    38 :     11     30     25 
    39 :     22     26     17 
    40 :     21     23     29 
    41 :     12     22     30 
    42 :      7     29     23 
    43 :      4     31     27 
    44 :     25     30     17 
    45 :     18     27     31 
